,run,cast,stop,hunch,backup,roll,small_actions
14.8,0.6249999999999999,0.3099087893864013,0.011194029850746268,0.0033167495854063015,0.02529021558872305,0.004353233830845771,0.02093698175787728
14.9,0.6290322580645161,0.30727874276261374,0.01240694789081886,0.0033085194375516956,0.02481389578163772,0.0020678246484698098,0.02109181141439206
15.0,0.6219211822660099,0.312807881773399,0.013136288998357965,0.004105090311986863,0.02545155993431855,0.0008210180623973727,0.021756978653530375
15.100000000000001,0.6263374485596709,0.30987654320987656,0.012757201646090533,0.005144032921810699,0.02078189300411522,0.0016460905349794238,0.02345679012345679
15.200000000000001,0.6292181069958848,0.30987654320987656,0.009465020576131687,0.008641975308641974,0.015637860082304528,0.0024691358024691358,0.024691358024691357
15.3,0.6269451269451269,0.31695331695331697,0.00819000819000819,0.007371007371007371,0.01678951678951679,0.0012285012285012285,0.02252252252252252
15.4,0.6228395061728395,0.31316872427983544,0.011111111111111112,0.004320987654320987,0.020781893004115225,0.0016460905349794238,0.02613168724279835
15.5,0.6280637254901961,0.3084150326797386,0.012254901960784314,0.0024509803921568627,0.018790849673202614,0.001838235294117647,0.028186274509803922
15.600000000000001,0.6299019607843137,0.3080065359477124,0.011437908496732025,0.0024509803921568627,0.019199346405228756,0.0008169934640522875,0.028186274509803922
15.700000000000001,0.6280637254901961,0.31107026143790845,0.012867647058823529,0.0024509803921568627,0.0167483660130719,0.0008169934640522875,0.027982026143790847
15.8,0.6347256347256348,0.3075348075348075,0.013923013923013922,0.002457002457002457,0.01556101556101556,0.0016380016380016379,0.02416052416052416
15.9,0.6304526748971194,0.3053497942386831,0.015637860082304528,0.0028806584362139915,0.022222222222222223,0.0024691358024691358,0.020987654320987655
16.0,0.6220164609053498,0.3109053497942387,0.019547325102880656,0.003703703703703704,0.020576131687242795,0.0024691358024691358,0.020781893004115225
16.1,0.6206467661691543,0.3142620232172471,0.020729684908789382,0.0024875621890547263,0.019071310116086235,0.0024875621890547263,0.020315091210613596
16.2,0.6217788861180382,0.31463009143807147,0.015793848711554443,0.0024937655860349127,0.022859517871986694,0.0024937655860349127,0.0199501246882793
16.3,0.622927031509121,0.3123963515754561,0.010986733001658373,0.0037313432835820895,0.025082918739635154,0.0024875621890547263,0.022388059701492536
16.400000000000002,0.6309226932668329,0.3092269326683291,0.007481296758104738,0.0012468827930174563,0.023275145469659184,0.004987531172069825,0.022859517871986697
16.5,0.6316666666666667,0.3179166666666667,0.005,0.00125,0.022916666666666665,0.007083333333333333,0.014166666666666666
16.6,0.6390961857379769,0.31737147595356546,0.003938640132669983,0.0033167495854063015,0.018034825870646764,0.004975124378109452,0.013266998341625206
16.7,0.6336633663366336,0.3213696369636964,0.004125412541254125,0.006188118811881188,0.01815181518151815,0.0024752475247524753,0.014026402640264024
16.8,0.624384236453202,0.3263546798029557,0.0073891625615763535,0.006568144499178982,0.02052545155993432,0.0024630541871921183,0.012315270935960588
16.900000000000002,0.6242868785656072,0.32192339038304807,0.008557457212713936,0.006316218418907905,0.020171149144254278,0.0024449877750611247,0.016299918500407497
17.0,0.6193969030154849,0.3133659331703342,0.008964955175224124,0.006519967400162999,0.024042379788101056,0.0012224938875305623,0.02648736756316218
17.1,0.60880195599022,0.31784841075794623,0.010187449062754685,0.005704971475142624,0.026487367563162185,0.0008149959250203749,0.030154849225753868
17.200000000000003,0.6059494702526487,0.32396088019559904,0.010594947025264872,0.003056234718826406,0.02648736756316218,0.0016299918500407497,0.028321108394458026
17.3,0.6162981162981163,0.31367731367731366,0.009828009828009828,0.0036855036855036848,0.028255528255528257,0.0012285012285012285,0.02702702702702703
17.400000000000002,0.6211001642036125,0.3171182266009852,0.009236453201970444,0.005336617405582922,0.025656814449917898,0.0,0.021551724137931036
17.5,0.6259259259259259,0.3218106995884774,0.008230452674897118,0.005349794238683127,0.025925925925925925,0.0,0.012757201646090533
17.6,0.6290849673202615,0.31862745098039214,0.007761437908496731,0.00326797385620915,0.024509803921568627,0.0028594771241830064,0.013888888888888888
17.700000000000003,0.6313943894389439,0.3063118811881188,0.009900990099009901,0.0047442244224422435,0.023514851485148515,0.00721947194719472,0.01691419141914191
17.8,0.6386138613861386,0.2933168316831683,0.013201320132013203,0.00825082508250825,0.02145214521452145,0.010726072607260726,0.014438943894389438
17.900000000000002,0.6382716049382716,0.2975308641975309,0.01728395061728395,0.009465020576131687,0.015637860082304528,0.012345679012345678,0.009465020576131687
18.0,0.6329218106995884,0.31152263374485595,0.015637860082304528,0.006995884773662551,0.013991769547325101,0.009670781893004115,0.009259259259259259
18.1,0.6265356265356264,0.32186732186732187,0.014742014742014744,0.005733005733005732,0.013104013104013103,0.005733005733005734,0.012285012285012284
18.200000000000003,0.6263374485596707,0.32098765432098764,0.015637860082304528,0.0032921810699588477,0.014814814814814815,0.0024691358024691358,0.016460905349794237
18.3,0.613095238095238,0.3329228243021346,0.017241379310344824,0.0024630541871921183,0.010878489326765188,0.0024630541871921183,0.020935960591133004
18.400000000000002,0.6203931203931204,0.3286240786240786,0.016584766584766583,0.0018427518427518428,0.007985257985257985,0.0032760032760032758,0.021294021294021293
18.5,0.6342364532019704,0.319376026272578,0.015599343185550082,0.0024630541871921183,0.006568144499178982,0.004105090311986863,0.017651888341543513
18.6,0.6310105949470253,0.3253871230643846,0.010187449062754685,0.004889975550122249,0.008557457212713936,0.003667481662591687,0.016299918500407497
18.700000000000003,0.6273431132844337,0.3268133659331703,0.006723716381418093,0.006519967400162999,0.011206193969030154,0.004686226568867156,0.016707416462917686
18.8,0.6079638752052545,0.34195402298850575,0.008210180623973728,0.006568144499178982,0.010673234811165845,0.004105090311986863,0.020525451559934314
18.900000000000002,0.5975957620211899,0.3484107579462103,0.01100244498777506,0.007334963325183374,0.009372453137734311,0.004074979625101874,0.022208638956805214
19.0,0.5973920130399348,0.345558272208639,0.013039934800326,0.007334963325183374,0.009372453137734311,0.0024449877750611247,0.024857375713121434
19.1,0.5959967320261438,0.343545751633987,0.010620915032679737,0.006944444444444444,0.012663398692810456,0.00326797385620915,0.02696078431372549
19.200000000000003,0.5896495517522412,0.35065199674001635,0.009168704156479218,0.0059087204563977175,0.015688671556642216,0.005297473512632436,0.02363488182559087
19.3,0.5929565929565929,0.3484848484848485,0.007371007371007371,0.004914004914004914,0.013513513513513514,0.007371007371007371,0.025389025389025387
19.400000000000002,0.5961695191524042,0.350040749796251,0.005704971475142624,0.0024449877750611247,0.012224938875305624,0.0057049714751426246,0.027709861450692742
19.5,0.5961382113821139,0.34573170731707314,0.008739837398373983,0.0024390243902439024,0.01565040650406504,0.007317073170731708,0.02398373983739837
19.6,0.5904298459042985,0.3446877534468775,0.011354420113544199,0.0040551500405515,0.014598540145985401,0.010543390105433901,0.024330900243309004
19.700000000000003,0.5944849959448499,0.3357664233576642,0.013787510137875101,0.005677210056772099,0.01500405515004055,0.011354420113544202,0.023925385239253853
19.8,0.5936739659367397,0.3309002433090024,0.0137875101378751,0.005677210056772099,0.019464720194647202,0.010543390105433901,0.025952960259529607
19.900000000000002,0.5918699186991869,0.33170731707317075,0.01097560975609756,0.005691056910569105,0.028861788617886176,0.008130081300813007,0.022764227642276424
20.0,0.5956715210355987,0.33353559870550165,0.012540453074433655,0.0026294498381877023,0.025889967637540454,0.007888349514563107,0.021844660194174758
20.1,0.5914239482200647,0.33980582524271846,0.016181229773462782,0.0024271844660194173,0.018608414239482198,0.009708737864077669,0.021844660194174758
20.200000000000003,0.58679706601467,0.3463732681336594,0.017929910350448247,0.0032599837000814994,0.013854930725346371,0.010594947025264872,0.021189894050529744
20.3,0.5886568386568386,0.34131859131859127,0.02027027027027027,0.0018427518427518428,0.01760851760851761,0.0085995085995086,0.0217035217035217
20.400000000000002,0.5974610974610974,0.33087633087633095,0.02047502047502047,0.004095004095004095,0.01597051597051597,0.007371007371007371,0.023751023751023753
20.5,0.5949470252648738,0.3312958435207824,0.015484922575387125,0.008964955175224124,0.017114914425427872,0.007334963325183374,0.024857375713121434
20.6,0.5928398058252428,0.3294902912621359,0.013754045307443367,0.010315533980582525,0.018810679611650484,0.006067961165048544,0.02872168284789644
20.700000000000003,0.5879967558799676,0.3341443633414436,0.014598540145985401,0.008110300081103,0.01905920519059205,0.0072992700729927005,0.02879156528791565
20.8,0.5951797385620915,0.33700980392156865,0.014705882352941176,0.004084967320261437,0.01633986928104575,0.009803921568627449,0.02287581699346405
20.900000000000002,0.5925697865353037,0.3425697865353038,0.012315270935960592,0.005336617405582922,0.01621510673234811,0.008620689655172414,0.022372742200328404
21.0,0.5931855500821017,0.3485221674876847,0.009852216748768473,0.007389162561576354,0.015188834154351395,0.007389162561576354,0.018472906403940885
21.1,0.597187758478081,0.3420181968569065,0.009925558312655087,0.009925558312655085,0.012820512820512818,0.006617038875103391,0.02150537634408602
21.200000000000003,0.5932098765432099,0.3345679012345679,0.011111111111111112,0.011522633744855966,0.018930041152263374,0.006790123456790123,0.023868312757201644
21.3,0.5934156378600823,0.3329218106995885,0.012757201646090533,0.008436213991769546,0.021399176954732507,0.006584362139917695,0.02448559670781893
21.400000000000002,0.5962962962962963,0.3308641975308642,0.014403292181069957,0.0049382716049382715,0.02592592592592592,0.0049382716049382715,0.022633744855967083
21.5,0.599343185550082,0.3288177339901478,0.014367816091954023,0.004105090311986863,0.024630541871921183,0.0049261083743842365,0.023809523809523808
21.6,0.6061728395061728,0.3333333333333333,0.010699588477366254,0.0024691358024691358,0.018518518518518517,0.006584362139917695,0.022222222222222223
21.700000000000003,0.6171617161716171,0.32528877887788776,0.009900990099009901,0.0024752475247524753,0.017326732673267328,0.007425742574257425,0.02042079207920792
21.8,0.6207609594706369,0.3225806451612903,0.008684863523573201,0.0033085194375516956,0.017369727047146403,0.008684863523573201,0.018610421836228287
21.900000000000002,0.6157981803143094,0.3200992555831266,0.010339123242349047,0.0057899090157154665,0.016542597187758478,0.01240694789081886,0.01902398676592225
22.0,0.6174524400330852,0.3083126550868486,0.013234077750206782,0.004755996691480562,0.022746071133167907,0.015715467328370553,0.017783291976840362
22.1,0.6140132669983416,0.30514096185737977,0.012437810945273632,0.004975124378109453,0.029436152570480927,0.016583747927031506,0.017412935323383085
22.200000000000003,0.6067323481116584,0.3148604269293925,0.013546798029556651,0.007799671592775041,0.02545155993431855,0.017241379310344827,0.014367816091954023
22.3,0.6081081081081081,0.3247338247338247,0.011466011466011467,0.004914004914004914,0.02047502047502047,0.018018018018018018,0.012285012285012284
22.400000000000002,0.6036036036036037,0.32841932841932847,0.01248976248976249,0.002866502866502866,0.018837018837018837,0.018837018837018837,0.014946764946764945
22.5,0.5965447154471545,0.3225609756097561,0.013414634146341463,0.003048780487804878,0.0266260162601626,0.01707317073170732,0.020731707317073172
22.6,0.5966183574879228,0.31481481481481477,0.010869565217391304,0.0012077294685990338,0.03260869565217391,0.018518518518518517,0.025362318840579712
22.700000000000003,0.5992736077481841,0.3192090395480226,0.008071025020177562,0.0,0.02784503631961259,0.020177562550443902,0.025423728813559324
22.8,0.6004065040650406,0.3239837398373983,0.00853658536585366,0.0006097560975609756,0.02154471544715447,0.020325203252032516,0.024593495934959346
22.9,0.60117599351176,0.3197485806974858,0.01013787510137875,0.003852392538523925,0.01926196269261963,0.022708840227088398,0.023114355231143552
23.0,0.5995145631067961,0.31512944983818764,0.00889967637540453,0.008090614886731391,0.021035598705501618,0.024271844660194174,0.023058252427184466
23.1,0.601581508515815,0.3160989456609895,0.008921330089213302,0.007502027575020275,0.015815085158150853,0.025344687753446875,0.02473641524736415
23.200000000000003,0.5989456609894567,0.32157339821573394,0.008110300081103,0.0072992700729927005,0.009732360097323601,0.021897810218978103,0.032441200324412
23.3,0.5999190938511327,0.3191747572815534,0.006472491909385113,0.007686084142394822,0.010517799352750809,0.021035598705501618,0.03519417475728155
23.4,0.6045232273838631,0.3204971475142624,0.006112469437652812,0.007538712306438467,0.012224938875305624,0.018744906275468622,0.030358598207008963
23.5,0.6136919315403423,0.31499592502037493,0.005704971475142624,0.009779951100244499,0.01426242868785656,0.017929910350448247,0.02363488182559087
23.6,0.6115888615888616,0.31715806715806716,0.004914004914004914,0.00778050778050778,0.020065520065520065,0.014742014742014743,0.02375102375102375
23.700000000000003,0.6024390243902439,0.3276422764227643,0.0024390243902439024,0.004471544715447155,0.026422764227642274,0.012195121951219513,0.024390243902439025
23.8,0.5986145069274654,0.3308883455582722,0.0032599837000814994,0.004889975550122249,0.02689486552567237,0.012224938875305624,0.023227383863080684
23.9,0.5996332518337408,0.33822330888345553,0.004889975550122249,0.004074979625101874,0.020171149144254278,0.012224938875305624,0.02078239608801956
24.0,0.6060975609756097,0.33699186991869917,0.008130081300813009,0.003658536585365854,0.014634146341463415,0.012601626016260161,0.01788617886178862
24.1,0.6085365853658536,0.3300813008130081,0.009756097560975608,0.005691056910569106,0.012601626016260161,0.013008130081300813,0.020325203252032516
24.200000000000003,0.6047269763651182,0.3270171149144254,0.008761206193969029,0.006519967400162999,0.017522412387938058,0.016096169519152406,0.019356153219233903
24.3,0.5986145069274653,0.3268133659331703,0.009372453137734311,0.006112469437652812,0.023227383863080684,0.019559902200488997,0.016299918500407497
24.400000000000002,0.6004901960784313,0.32802287581699346,0.013071895424836603,0.003676470588235294,0.0196078431372549,0.01797385620915033,0.01715686274509804
24.5,0.6115226337448559,0.3253086419753086,0.012962962962962963,0.0024691358024691358,0.015637860082304528,0.014403292181069961,0.017695473251028805
24.6,0.6241830065359477,0.3161764705882353,0.011029411764705883,0.003676470588235294,0.0167483660130719,0.011437908496732025,0.01674836601307189
24.700000000000003,0.6274752475247525,0.311056105610561,0.009075907590759075,0.0049504950495049506,0.023514851485148515,0.011138613861386138,0.012788778877887787
24.8,0.6339137645107794,0.3018242122719735,0.00912106135986733,0.004975124378109453,0.028606965174129355,0.013266998341625206,0.008291873963515753
24.900000000000002,0.6364013266998341,0.29892205638474295,0.009535655058043118,0.006633499170812603,0.026533996683250412,0.01326699834162521,0.008706467661691543
25.0,0.6257237386269645,0.3097601323407774,0.011166253101736972,0.009925558312655085,0.02129859387923904,0.011579818031430935,0.01054590570719603
25.1,0.6213632585203658,0.3104738154613466,0.010806317539484621,0.012468827930174564,0.02078137988362427,0.012468827930174564,0.011637572734829594
25.200000000000003,0.6173300165837479,0.3063847429519071,0.012023217247097843,0.009950248756218905,0.020729684908789382,0.01616915422885572,0.017412935323383085
25.3,0.6155913978494624,0.3134822167080231,0.013440860215053762,0.007444168734491315,0.01488833746898263,0.018196856906534328,0.01695616211745244
25.400000000000002,0.6102150537634408,0.32588916459884204,0.013234077750206784,0.00620347394540943,0.010132340777502066,0.019230769230769232,0.015095119933829613
25.5,0.6100082712985939,0.32795698924731187,0.013234077750206784,0.0033085194375516956,0.009925558312655087,0.018196856906534328,0.017369727047146403
25.6,0.6118693134822167,0.3331265508684863,0.01240694789081886,0.0,0.009305210918114143,0.01488833746898263,0.018403639371381307
25.700000000000003,0.6104218362282878,0.337055417700579,0.01240694789081886,0.0,0.00620347394540943,0.015301902398676591,0.018610421836228287
25.8,0.6188118811881188,0.33333333333333337,0.010726072607260726,0.000825082508250825,0.00165016501650165,0.01485148514851485,0.019801980198019802
25.900000000000002,0.62944582299421,0.3225806451612903,0.010752688172043012,0.0016542597187758478,0.0,0.01488833746898263,0.020678246484698095
26.0,0.6331679073614558,0.30893300248138955,0.014061207609594705,0.0041356492969396195,0.0016542597187758478,0.01488833746898263,0.023159636062861866
26.1,0.6316006600660067,0.3042491749174917,0.013613861386138614,0.006188118811881188,0.003919141914191419,0.014645214521452144,0.025783828382838284
26.200000000000003,0.6300411522633745,0.2958847736625514,0.013580246913580247,0.009465020576131687,0.011522633744855966,0.015637860082304528,0.023868312757201644
26.3,0.6330876330876329,0.2948402948402948,0.01556101556101556,0.007371007371007371,0.013104013104013103,0.014742014742014743,0.021294021294021293
26.400000000000002,0.636904761904762,0.2974137931034483,0.01683087027914614,0.004105090311986863,0.013546798029556651,0.01416256157635468,0.017036124794745484
26.5,0.6349009900990099,0.29826732673267325,0.01485148514851485,0.0033003300330033,0.01608910891089109,0.01608910891089109,0.0165016501650165
26.6,0.625514403292181,0.29917695473251027,0.013580246913580245,0.0012345679012345679,0.018518518518518517,0.015637860082304528,0.02633744855967078
26.700000000000003,0.6292181069958848,0.29691358024691356,0.015432098765432098,0.0008230452674897119,0.016872427983539093,0.014814814814814815,0.025925925925925925
26.8,0.627062706270627,0.30033003300330036,0.015676567656765675,0.0024752475247524753,0.0165016501650165,0.01485148514851485,0.0231023102310231
26.900000000000002,0.6214759535655058,0.30804311774461024,0.011608623548922056,0.0024875621890547263,0.02072968490878939,0.01451077943615257,0.021144278606965175
27.0,0.6163366336633664,0.3102310231023102,0.010726072607260728,0.000825082508250825,0.024752475247524754,0.013407590759075907,0.023721122112211217
27.1,0.6120689655172413,0.3103448275862069,0.010262725779967157,0.0,0.02791461412151067,0.013136288998357963,0.026272577996715927
27.200000000000003,0.6102941176470589,0.3100490196078431,0.00980392156862745,0.0008169934640522875,0.031862745098039214,0.011437908496732025,0.025735294117647058
27.3,0.60880195599022,0.3088834555827221,0.009779951100244497,0.005297473512632436,0.03096984515077425,0.011409942950285249,0.024857375713121434
27.400000000000002,0.6167076167076168,0.29934479934479935,0.0085995085995086,0.0085995085995086,0.031531531531531536,0.011056511056511056,0.024160524160524163
27.5,0.6237745098039216,0.28921568627450983,0.00857843137254902,0.008374183006535947,0.03676470588235294,0.013480392156862746,0.01981209150326797
27.6,0.63130081300813,0.28008130081300814,0.009756097560975608,0.0065040650406504065,0.04065040650406503,0.015853658536585366,0.015853658536585366
27.700000000000003,0.6352124183006537,0.2855392156862745,0.00980392156862745,0.004901960784313725,0.03390522875816993,0.01715686274509804,0.013480392156862746
27.8,0.6367731367731368,0.2903357903357903,0.008394758394758395,0.0036855036855036856,0.030303030303030304,0.016994266994266996,0.013513513513513514
27.900000000000002,0.6466992665036675,0.28484107579462103,0.005704971475142624,0.0024449877750611247,0.028117359413202935,0.015484922575387122,0.016707416462917686
28.0,0.6459854014598541,0.2895377128953771,0.0097323600973236,0.0024330900243309003,0.022708840227088398,0.010543390105433901,0.019059205190592052
28.1,0.6378048780487805,0.2967479674796748,0.012195121951219513,0.003658536585365854,0.022764227642276424,0.008130081300813007,0.018699186991869916
28.200000000000003,0.6298543689320388,0.298948220064725,0.013349514563106795,0.0048543689320388345,0.024676375404530743,0.012540453074433655,0.015776699029126214
28.3,0.6255020080321285,0.30140562248995983,0.014859437751004014,0.004819277108433735,0.02309236947791165,0.013654618473895581,0.016666666666666666
28.400000000000002,0.6215027977617907,0.30735411670663465,0.013589128697042365,0.003996802557953637,0.022382094324540365,0.01278976818545164,0.01838529176658673
28.5,0.61550759392486,0.31494804156674655,0.01079136690647482,0.002398081534772182,0.023181454836131092,0.011990407673860911,0.021183053557154278
28.6,0.6109775641025641,0.32491987179487175,0.009615384615384616,0.002403846153846154,0.01923076923076923,0.01201923076923077,0.020833333333333332
28.700000000000003,0.6139088729016786,0.3305355715427658,0.009592326139088728,0.0015987210231814548,0.013988808952837729,0.010391686650679455,0.019984012789768187
28.8,0.6019631410256411,0.34294871794871795,0.010817307692307692,0.0008012820512820513,0.013822115384615382,0.008814102564102564,0.020833333333333332
28.900000000000002,0.5935742971887551,0.34979919678714855,0.01325301204819277,0.0008032128514056224,0.011244979919678714,0.008032128514056224,0.023293172690763052
29.0,0.6036144578313253,0.3433734939759036,0.014457831325301205,0.0024096385542168677,0.01004016064257028,0.007228915662650603,0.01887550200803213
29.1,0.6097122302158273,0.3325339728217426,0.013189448441247002,0.005195843325339728,0.011390887290167866,0.007194244604316547,0.02078337330135891
29.200000000000003,0.6085918854415274,0.3329355608591885,0.011137629276054096,0.005171042163882259,0.010739856801909307,0.007159904534606206,0.024264120922832144
29.3,0.6067460317460318,0.3357142857142857,0.009523809523809525,0.0047619047619047615,0.009523809523809525,0.007142857142857143,0.02658730158730159
29.400000000000002,0.6070007955449482,0.3351233094669849,0.008353221957040573,0.006165473349244232,0.010143198090692125,0.007159904534606206,0.02605409705648369
29.5,0.609920634920635,0.3257936507936508,0.00873015873015873,0.0067460317460317455,0.009523809523809525,0.008333333333333333,0.030952380952380953
29.6,0.6075396825396825,0.32142857142857145,0.010714285714285714,0.007142857142857143,0.010714285714285714,0.010317460317460317,0.03214285714285714
29.700000000000003,0.6095971563981043,0.3193127962085308,0.012440758293838863,0.0071090047393364926,0.011255924170616114,0.010071090047393365,0.030213270142180094
29.8,0.6022906793048973,0.32582938388625593,0.013428120063191152,0.007898894154818325,0.011848341232227487,0.007898894154818327,0.030805687203791468
29.900000000000002,0.5912698412698413,0.3317460317460318,0.014285714285714285,0.009523809523809525,0.011904761904761904,0.007936507936507936,0.03333333333333333
30.0,0.5811350919264587,0.342326139088729,0.012589928057553957,0.010191846522781775,0.008992805755395683,0.008792965627498001,0.03597122302158273
30.1,0.5749601275917064,0.3532695374800638,0.01036682615629984,0.009170653907496011,0.008771929824561403,0.007974481658692186,0.03548644338118022
30.200000000000003,0.5699440447641886,0.3617106314948042,0.013988808952837729,0.01079136690647482,0.007993605115907274,0.007194244604316547,0.02837729816147082
30.3,0.5673076923076923,0.3637820512820513,0.016025641025641024,0.008012820512820512,0.01001602564102564,0.00641025641025641,0.028445512820512817
30.400000000000002,0.5733652312599682,0.3588516746411483,0.01555023923444976,0.005980861244019139,0.011164274322169057,0.0055821371610845286,0.02950558213716108
30.5,0.5861244019138756,0.35007974481658694,0.018341307814992023,0.005582137161084529,0.007974481658692184,0.008373205741626795,0.023524720893141948
30.6,0.588915470494418,0.3526714513556619,0.017145135566188196,0.003189792663476874,0.0069776714513556624,0.009569377990430622,0.0215311004784689
30.700000000000003,0.5841307814992026,0.34728867623604465,0.01475279106858054,0.005980861244019139,0.009170653907496013,0.009569377990430622,0.029106858054226477
30.8,0.580335731414868,0.3401278976818545,0.016786570743405275,0.009592326139088728,0.01159072741806555,0.00759392486011191,0.033972821742605915
30.900000000000002,0.5831334932054357,0.34652278177458035,0.014388489208633094,0.006394884092725819,0.010391686650679455,0.00539568345323741,0.03377298161470823
31.0,0.5871302957633893,0.35211830535571537,0.011990407673860911,0.003996802557953637,0.011990407673860911,0.004796163069544364,0.02797761790567546
31.1,0.5971223021582733,0.3445243804956034,0.01079136690647482,0.002398081534772182,0.014788169464428456,0.006394884092725819,0.023980815347721823
31.200000000000003,0.5991586538461539,0.3401442307692308,0.010817307692307692,0.004006410256410256,0.01502403846153846,0.007211538461538462,0.023637820512820516
31.3,0.6,0.33888888888888885,0.009523809523809525,0.005555555555555555,0.017063492063492062,0.006349206349206349,0.02261904761904762
31.400000000000002,0.5954653937947494,0.3412887828162291,0.009944311853619728,0.0059665871121718375,0.021081941129673824,0.00477326968973747,0.021479713603818614
31.5,0.5895283772981615,0.34292565947242204,0.011590727418065546,0.005995203836930456,0.02478017585931255,0.005995203836930456,0.019184652278177457
31.6,0.5831334932054357,0.3441247002398082,0.011191047162270183,0.009592326139088728,0.02038369304556355,0.009592326139088728,0.021982414068745
31.700000000000003,0.5801435406698564,0.34409888357256774,0.009569377990430622,0.011363636363636364,0.014553429027113237,0.011363636363636362,0.028907496012759177
31.8,0.5741626794258373,0.3472886762360447,0.007974481658692184,0.011562998405103667,0.012360446570972886,0.009569377990430622,0.03708133971291866
31.900000000000002,0.5851233094669849,0.33651551312649164,0.011535401750198886,0.012728719172633253,0.01392203659506762,0.007159904534606206,0.0330151153540175
32.0,0.5915071770334929,0.3327352472089314,0.010566188197767144,0.01475279106858054,0.014354066985645933,0.0055821371610845286,0.030502392344497604
32.1,0.5907274180655476,0.34012789768185453,0.009192645883293365,0.01598721023181455,0.010391686650679455,0.003996802557953637,0.029576338928856912
32.2,0.5881410256410258,0.3457532051282052,0.011217948717948716,0.008814102564102564,0.014022435897435896,0.004006410256410256,0.028044871794871792
32.3,0.583533173461231,0.35071942446043164,0.011590727418065546,0.004796163069544364,0.018784972022382093,0.004796163069544364,0.02577937649880096
32.400000000000006,0.5863746958637469,0.354014598540146,0.013787510137875101,0.0024330900243309003,0.017031630170316305,0.004866180048661801,0.021492295214922953
32.5,0.5813008130081301,0.3601626016260163,0.01707317073170732,0.0032520325203252032,0.015447154471544714,0.004878048780487805,0.01788617886178862
32.6,0.568089430894309,0.37174796747967476,0.01707317073170732,0.005284552845528455,0.018292682926829267,0.0024390243902439024,0.01707317073170732
32.7,0.56519967400163,0.37734311328443354,0.017114914425427872,0.004889975550122249,0.018337408312958436,0.0008149959250203749,0.016299918500407497
32.8,0.5755908720456399,0.36878565607171965,0.017318663406682967,0.004074979625101874,0.014669926650366748,0.0024449877750611247,0.017114914425427872
32.900000000000006,0.5823170731707317,0.3615853658536585,0.01768292682926829,0.006097560975609756,0.010365853658536586,0.003658536585365854,0.018292682926829267
33.0,0.5823195458231955,0.36253041362530414,0.0170316301703163,0.0072992700729927005,0.010543390105433901,0.0048661800486618,0.0154095701540957
33.1,0.5853559870550161,0.3608414239482201,0.015372168284789644,0.00889967637540453,0.012135922330097085,0.0032362459546925564,0.014158576051779935
33.2,0.5875603864734299,0.3588969404186796,0.011674718196457327,0.01107085346215781,0.0142914653784219,0.0036231884057971015,0.01288244766505636
33.3,0.5957015409570154,0.35401459854014605,0.00851581508515815,0.01013787510137875,0.01257096512570965,0.004866180048661801,0.014193025141930249
33.400000000000006,0.6070559610705596,0.34793187347931875,0.00932684509326845,0.008110300081103,0.00851581508515815,0.004866180048661801,0.01419302514193025
33.5,0.6042173560421736,0.3495539334955393,0.012165450121654499,0.0072992700729927005,0.010137875101378752,0.0048661800486618,0.011759935117599351
33.6,0.5865695792880259,0.363673139158576,0.015372168284789644,0.007686084142394822,0.015372168284789644,0.0032362459546925564,0.008090614886731391
33.7,0.5782889426957224,0.3633979015334947,0.020379338175948343,0.007869249394673124,0.019774011299435026,0.002421307506053269,0.007869249394673124
33.8,0.5793269230769231,0.3549679487179488,0.02323717948717949,0.005608974358974359,0.02564102564102564,0.0016025641025641025,0.009615384615384614
33.900000000000006,0.580335731414868,0.35451638689048764,0.024380495603517186,0.003996802557953637,0.025179856115107913,0.0,0.011590727418065546
34.0,0.579136690647482,0.3569144684252598,0.023581135091926456,0.006394884092725819,0.023181454836131092,0.0,0.01079136690647482
34.1,0.570343725019984,0.3557154276578738,0.02158273381294964,0.006394884092725819,0.027577937649880094,0.003996802557953637,0.014388489208633094
34.2,0.5709134615384616,0.3545673076923077,0.019230769230769232,0.004006410256410256,0.0296474358974359,0.00641025641025641,0.015224358974358974
34.3,0.5809409888357256,0.34848484848484845,0.01594896331738437,0.0035885167464114833,0.025518341307814992,0.009569377990430622,0.01594896331738437
34.400000000000006,0.5839328537170264,0.3411270983213429,0.016786570743405275,0.004796163069544364,0.02038369304556355,0.014388489208633094,0.01858513189448441
34.5,0.5779634049323786,0.3424821002386635,0.016308671439936355,0.007159904534606206,0.021479713603818614,0.015910898965791564,0.01869530628480509
34.6,0.5739408473221423,0.3421262989608313,0.01518784972022382,0.007194244604316547,0.024780175859312546,0.017985611510791366,0.018784972022382093
34.7,0.574455205811138,0.342816787732042,0.014527845036319613,0.004842615012106538,0.022397094430992737,0.02158999192897498,0.01937046004842615
34.8,0.5744336569579288,0.3503236245954693,0.015372168284789645,0.0024271844660194173,0.018608414239482198,0.021844660194174758,0.01699029126213592
34.900000000000006,0.5760517799352751,0.3559870550161812,0.015372168284789644,0.0024271844660194173,0.016181229773462782,0.021035598705501618,0.012944983818770225
35.0,0.5718599033816425,0.36835748792270534,0.018518518518518517,0.0036231884057971015,0.016304347826086956,0.015700483091787436,0.005636070853462157
35.1,0.5693108974358974,0.3721955128205128,0.018429487179487176,0.004807692307692308,0.016025641025641024,0.012019230769230772,0.007211538461538462
35.2,0.5721153846153846,0.375,0.015625,0.004407051282051282,0.014423076923076924,0.009615384615384616,0.008814102564102564
35.3,0.570281124497992,0.37389558232931724,0.012650602409638554,0.006425702811244979,0.015060240963855422,0.008433734939759036,0.01325301204819277
35.400000000000006,0.5698795180722892,0.36666666666666664,0.010441767068273091,0.010040160642570281,0.016867469879518072,0.008433734939759036,0.017670682730923693
35.5,0.5789682539682539,0.3527777777777778,0.01111111111111111,0.012698412698412698,0.016666666666666666,0.010714285714285714,0.017063492063492065
35.6,0.5839314194577353,0.3440988835725678,0.013556618819776713,0.014154704944178628,0.013556618819776713,0.013157894736842105,0.01754385964912281
35.7,0.5833333333333334,0.35104669887278583,0.013285024154589372,0.011674718196457327,0.012479871175523348,0.011674718196457328,0.016505636070853463
35.8,0.5807228915662651,0.35341365461847385,0.013654618473895581,0.00963855421686747,0.01686746987951807,0.010441767068273091,0.015261044176706826
35.900000000000006,0.5797101449275363,0.35004025764895336,0.014492753623188406,0.0076489533011272134,0.023349436392914657,0.00966183574879227,0.015096618357487922
36.0,0.5799196787148595,0.3469879518072289,0.014457831325301205,0.007228915662650603,0.029718875502008028,0.008835341365461847,0.012851405622489962
36.1,0.5807228915662651,0.3449799196787149,0.014457831325301205,0.01004016064257028,0.028514056224899595,0.008835341365461847,0.012449799196787147
36.2,0.5800970873786407,0.3460760517799353,0.015372168284789644,0.013754045307443364,0.023462783171521034,0.009101941747572815,0.012135922330097087
36.3,0.5784552845528456,0.34552845528455284,0.016260162601626015,0.01178861788617886,0.02276422764227642,0.00975609756097561,0.015447154471544718
36.400000000000006,0.5776422764227642,0.3459349593495935,0.01707317073170732,0.004878048780487805,0.02398373983739837,0.008130081300813009,0.022357723577235773
36.5,0.5835351089588378,0.3474576271186441,0.01694915254237288,0.006053268765133172,0.020581113801452784,0.005447941888619854,0.019975786924939468
36.6,0.5933493589743589,0.34935897435897434,0.016826923076923076,0.007211538461538462,0.016826923076923076,0.004407051282051282,0.012019230769230766
36.7,0.5881410256410257,0.3517628205128205,0.018028846153846152,0.009615384615384616,0.016426282051282052,0.006009615384615385,0.01001602564102564
36.8,0.582933653077538,0.3441247002398082,0.01738609112709832,0.012589928057553957,0.016386890487609912,0.007194244604316547,0.01938449240607514
36.900000000000006,0.5865384615384616,0.3357371794871795,0.017628205128205128,0.012019230769230766,0.01442307692307692,0.004807692307692308,0.028846153846153848
37.0,0.5901116427432217,0.33532695374800636,0.018341307814992026,0.011961722488038277,0.012759170653907496,0.003189792663476874,0.028309409888357253
37.1,0.5903954802259886,0.3373688458434221,0.01694915254237288,0.012106537530266344,0.017352703793381757,0.002421307506053269,0.02340597255851493
37.2,0.5811138014527845,0.33817594834543985,0.015334947538337368,0.009281678773204197,0.024213075060532687,0.0036319612590799033,0.02824858757062147
37.3,0.5845439870863599,0.3389830508474576,0.014326069410815174,0.006860371267150929,0.024213075060532687,0.0036319612590799033,0.02744148506860371
37.400000000000006,0.5894012944983819,0.3381877022653722,0.014158576051779935,0.0052588996763754045,0.023867313915857603,0.0024271844660194173,0.02669902912621359
37.5,0.5932203389830508,0.3341404358353511,0.015334947538337368,0.00645682001614205,0.0258272800645682,0.002421307506053269,0.02259887005649717
37.6,0.5993122977346279,0.32908576051779936,0.01516990291262136,0.008090614886731391,0.026699029126213598,0.0024271844660194173,0.019215210355987052
37.7,0.6105691056910568,0.3182926829268293,0.014634146341463415,0.007317073170731708,0.03089430894308943,0.0024390243902439024,0.015853658536585366
37.8,0.5983009708737863,0.3337378640776699,0.015372168284789644,0.0036407766990291263,0.03114886731391586,0.0024271844660194173,0.015372168284789644
37.900000000000006,0.5920096852300243,0.3422114608555286,0.01937046004842615,0.0018159806295399517,0.02744148506860371,0.002421307506053269,0.014729620661824051
38.0,0.5839386602098466,0.35028248587570626,0.024213075060532687,0.002421307506053269,0.026634382566585957,0.0016142050040355124,0.010895883777239709
38.1,0.5817152103559871,0.35315533980582525,0.02508090614886731,0.0016181229773462782,0.021440129449838186,0.0020226537216828477,0.014967637540453074
38.2,0.5813008130081301,0.35203252032520327,0.02540650406504065,0.0024390243902439024,0.018089430894308943,0.0024390243902439024,0.018292682926829267
38.3,0.5827250608272505,0.3495539334955393,0.027980535279805353,0.0024330900243309003,0.015815085158150853,0.0036496350364963502,0.0178426601784266
38.400000000000006,0.5788834951456311,0.3483009708737864,0.025485436893203883,0.0024271844660194173,0.019822006472491913,0.006067961165048544,0.019012944983818773
38.5,0.5770631067961165,0.35072815533980584,0.019822006472491913,0.003033980582524272,0.024676375404530743,0.007281553398058253,0.01739482200647249
38.6,0.5705596107055961,0.3511759935117599,0.0186536901865369,0.0040551500405515,0.029602595296025946,0.0072992700729927005,0.0186536901865369
38.7,0.5686991869918699,0.35121951219512193,0.020325203252032516,0.004065040650406504,0.030081300813008128,0.006097560975609756,0.01951219512195122
38.8,0.5709349593495935,0.3485772357723577,0.019105691056910568,0.003048780487804878,0.030284552845528452,0.004878048780487805,0.023170731707317073
38.900000000000006,0.5772946859903382,0.3502415458937198,0.01570048309178744,0.0024154589371980675,0.02979066022544283,0.004830917874396135,0.019726247987117557
39.0,0.5853365384615384,0.344551282051282,0.016826923076923076,0.003205128205128205,0.029246794871794865,0.004807692307692308,0.016025641025641024
39.1,0.5863599677158999,0.339184826472962,0.020177562550443902,0.00423728813559322,0.026230831315577074,0.004842615012106538,0.018966908797417272
39.2,0.5797275641025641,0.34375,0.02403846153846154,0.005608974358974358,0.02283653846153846,0.004807692307692307,0.019230769230769232
39.3,0.5813397129186603,0.3440988835725678,0.022727272727272728,0.0055821371610845286,0.023125996810207335,0.004784688995215311,0.018341307814992026
39.400000000000006,0.5922832140015911,0.3341288782816229,0.021479713603818614,0.005568814638027049,0.024661893396976928,0.00477326968973747,0.017104216388225933
39.5,0.6010342084327764,0.3253778838504375,0.021479713603818614,0.005568814638027048,0.02386634844868735,0.0059665871121718375,0.016706443914081145
39.6,0.6058451816745655,0.3256319115323855,0.013033175355450234,0.011058451816745654,0.020339652448657184,0.007109004739336492,0.016982622432859397
39.7,0.6042654028436019,0.32523696682464454,0.007898894154818325,0.01579778830963665,0.02112954186413902,0.00631911532385466,0.019352290679304895
39.8,0.5983412322274883,0.3278041074249605,0.008293838862559242,0.014218009478672983,0.021721958925750393,0.005134281200631911,0.024486571879936806
39.900000000000006,0.5955188679245284,0.33372641509433965,0.009433962264150943,0.01061320754716981,0.019064465408805027,0.0047169811320754715,0.026926100628930815
40.0,0.5945098039215687,0.33647058823529413,0.009411764705882352,0.010980392156862744,0.01607843137254902,0.0058823529411764705,0.026666666666666665
40.1,0.5954049844236761,0.3403426791277258,0.006619937694704049,0.008566978193146417,0.015186915887850467,0.005451713395638629,0.028426791277258567
40.2,0.5942367601246107,0.3411214953271028,0.004672897196261682,0.007982866043613706,0.022001557632398753,0.0038940809968847348,0.026090342679127725
40.3,0.5944055944055944,0.34887334887334887,0.006604506604506604,0.006604506604506604,0.022921522921522924,0.003108003108003108,0.01748251748251748
40.400000000000006,0.5916860916860917,0.3548951048951049,0.008158508158508158,0.004662004662004662,0.022338772338772336,0.004079254079254079,0.01418026418026418
40.5,0.5846930846930847,0.351981351981352,0.008158508158508158,0.006993006993006993,0.023310023310023312,0.00505050505050505,0.019813519813519812
40.6,0.5895931142410016,0.33998435054773085,0.007824726134585288,0.00782472613458529,0.026604068857589983,0.004694835680751174,0.023474178403755867
40.7,0.5955188679245284,0.3408018867924528,0.00884433962264151,0.004323899371069182,0.025943396226415096,0.0047169811320754715,0.01985062893081761
40.8,0.6022012578616353,0.345125786163522,0.007861635220125786,0.0007861635220125786,0.025550314465408803,0.004323899371069182,0.014150943396226415
40.900000000000006,0.5966981132075473,0.3482704402515724,0.007075471698113207,0.0007861635220125786,0.02240566037735849,0.0047169811320754715,0.020047169811320754
41.0,0.59,0.34901960784313724,0.00803921568627451,0.003137254901960784,0.02176470588235294,0.004705882352941176,0.023333333333333334
41.1,0.583529411764706,0.3509803921568628,0.007058823529411764,0.0035294117647058825,0.022745098039215688,0.004705882352941176,0.027450980392156862
