,run,cast,stop,hunch,backup,roll,small_actions
14.8,0.6829268292682927,0.22295184490306444,0.016260162601626015,0.008442776735459663,0.03126954346466542,0.0075046904315197,0.030644152595372107
14.9,0.6844569288389513,0.2247191011235955,0.01560549313358302,0.009987515605493134,0.028089887640449437,0.006554307116104869,0.030586766541822727
15.0,0.6810506566604128,0.22420262664165103,0.017823639774859287,0.013133208255159476,0.03095684803001876,0.005628517823639775,0.027204502814258912
15.100000000000001,0.6875389408099687,0.21993769470404984,0.014953271028037384,0.014018691588785047,0.033956386292834886,0.005607476635514018,0.023987538940809967
15.200000000000001,0.6950155763239875,0.21495327102803738,0.017757009345794394,0.012149532710280374,0.0308411214953271,0.005607476635514018,0.02367601246105919
15.3,0.694392523364486,0.21401869158878506,0.02149532710280374,0.012149532710280374,0.024299065420560748,0.005607476635514018,0.028037383177570093
15.4,0.6867283950617283,0.21049382716049383,0.02654320987654321,0.014814814814814815,0.025,0.005555555555555556,0.030864197530864192
15.5,0.6861111111111111,0.2080246913580247,0.02530864197530864,0.016358024691358025,0.02993827160493827,0.005555555555555556,0.028703703703703703
15.600000000000001,0.6983980283425755,0.1999383857054837,0.023721503388786196,0.01447935921133703,0.033271719038817,0.005545286506469501,0.024645717806531114
15.700000000000001,0.6977818853974121,0.19562538508934071,0.025569932224276032,0.013555144793592112,0.03635243376463339,0.005545286506469501,0.02556993222427603
15.8,0.6959706959706959,0.19413919413919414,0.028388278388278388,0.01098901098901099,0.03388278388278388,0.005494505494505495,0.031135531135531136
15.9,0.6990231990231991,0.19536019536019533,0.026556776556776556,0.008852258852258852,0.029914529914529912,0.005494505494505495,0.0347985347985348
16.0,0.709096459096459,0.19474969474969478,0.023809523809523808,0.009157509157509158,0.024725274725274724,0.004578754578754579,0.03388278388278388
16.1,0.7174311926605504,0.19235474006116207,0.022935779816513763,0.006422018348623854,0.020489296636085626,0.003669724770642202,0.03669724770642202
16.2,0.7226299694189603,0.18807339449541285,0.020795107033639144,0.00672782874617737,0.022324159021406727,0.003669724770642202,0.03577981651376147
16.3,0.7234432234432234,0.18772893772893773,0.018925518925518924,0.006715506715506715,0.025946275946275944,0.003663003663003663,0.03357753357753358
16.400000000000002,0.7167277167277166,0.18772893772893773,0.020146520146520148,0.006105006105006104,0.027777777777777776,0.005494505494505495,0.036019536019536016
16.5,0.7188644688644689,0.18406593406593408,0.020146520146520148,0.004578754578754579,0.029304029304029304,0.005494505494505495,0.037545787545787544
16.6,0.717245581962218,0.18159658744667884,0.01980499695307739,0.002742230347349177,0.03260207190737355,0.0048750761730652035,0.04113345521023766
16.7,0.7126751980499696,0.17946374162096282,0.02010968921389397,0.0030469226081657522,0.03717245581962218,0.004265691651432053,0.043266301035953685
16.8,0.7043795620437956,0.18065693430656934,0.01916058394160584,0.009124087591240875,0.040145985401459854,0.004562043795620438,0.041970802919708027
16.900000000000002,0.7108470444850701,0.18525289457647778,0.016453382084095063,0.014320536258379035,0.033820840950639856,0.003656307129798903,0.0356489945155393
17.0,0.7175502742230347,0.1849482023156612,0.015539305301645339,0.017672151127361365,0.031078610603290677,0.003656307129798903,0.029555149299207797
17.1,0.7175502742230347,0.18068251066422913,0.015539305301645339,0.01736745886654479,0.03656307129798903,0.003656307129798903,0.028641072516758077
17.200000000000003,0.7131147540983607,0.18397085610200364,0.01639344262295082,0.015482695810564663,0.03642987249544627,0.0036429872495446266,0.030965391621129327
17.3,0.71,0.18363636363636363,0.020303030303030302,0.015454545454545455,0.032424242424242425,0.0036363636363636364,0.034545454545454546
17.400000000000002,0.7084848484848485,0.18454545454545454,0.02212121212121212,0.015454545454545455,0.0303030303030303,0.0036363636363636364,0.035454545454545454
17.5,0.7157221206581352,0.18190127970749542,0.021937842778793418,0.014625228519195612,0.0283363802559415,0.003656307129798903,0.033820840950639856
17.6,0.7221206581352834,0.1715417428397319,0.021937842778793418,0.011882998171846435,0.031078610603290677,0.003656307129798903,0.037781840341255334
17.700000000000003,0.7215112736136502,0.17276051188299818,0.021937842778793418,0.009750152346130407,0.03229737964655698,0.003656307129798903,0.038086532602071906
17.8,0.7211070559610706,0.17518248175182483,0.02159367396593674,0.009732360097323601,0.030109489051094892,0.0036496350364963502,0.03862530413625304
17.900000000000002,0.720292504570384,0.1773308957952468,0.02346130408287629,0.008836075563680683,0.02681291895185862,0.003656307129798903,0.03960999390615478
18.0,0.7233394271785496,0.17276051188299815,0.023765996343692867,0.011882998171846435,0.028031687995124923,0.003656307129798903,0.03656307129798903
18.1,0.7236441194393662,0.17519804996953076,0.02498476538695917,0.011882998171846435,0.027726995734308348,0.003656307129798903,0.03290676416819013
18.200000000000003,0.7326642335766423,0.17974452554744524,0.025547445255474453,0.010948905109489052,0.017335766423357664,0.0036496350364963502,0.030109489051094892
18.3,0.738181818181818,0.18424242424242424,0.02333333333333333,0.01,0.011818181818181818,0.0036363636363636364,0.028787878787878786
18.400000000000002,0.7471159684274439,0.1785063752276867,0.022768670309653915,0.006678809957498482,0.018214936247723135,0.0036429872495446266,0.0230722525804493
18.5,0.7527272727272727,0.17424242424242425,0.022121212121212125,0.00606060606060606,0.018484848484848482,0.004242424242424242,0.02212121212121212
18.6,0.7518181818181818,0.1712121212121212,0.020606060606060603,0.007272727272727273,0.019090909090909092,0.004545454545454545,0.025454545454545455
18.700000000000003,0.7468123861566485,0.17122040072859745,0.020036429872495445,0.00819672131147541,0.02185792349726776,0.0036429872495446266,0.028233151183970857
18.8,0.7451338199513383,0.17001216545012163,0.021289537712895372,0.0072992700729927005,0.024635036496350366,0.004562043795620438,0.027068126520681263
18.900000000000002,0.7469586374695864,0.1654501216545012,0.021289537712895375,0.010036496350364963,0.024330900243309,0.005474452554744526,0.02645985401459854
19.0,0.7495446265938069,0.16272009714632665,0.020947176684881604,0.010018214936247723,0.025500910746812388,0.00546448087431694,0.025804493017607774
19.1,0.75,0.16362530413625304,0.019464720194647202,0.006386861313868613,0.03193430656934307,0.005474452554744526,0.023114355231143555
19.200000000000003,0.7484793187347931,0.16575425790754256,0.018856447688564478,0.0036496350364963502,0.03345498783454988,0.005474452554744526,0.024330900243309
19.3,0.7484793187347932,0.1611922141119221,0.017944038929440388,0.0072992700729927005,0.031630170316301706,0.005474452554744526,0.027980535279805353
19.400000000000002,0.7481751824817519,0.15784671532846714,0.020072992700729927,0.011861313868613138,0.03102189781021898,0.005474452554744526,0.025547445255474453
19.5,0.7431693989071039,0.15664845173041894,0.02185792349726776,0.012750455373406194,0.031876138433515486,0.00546448087431694,0.028233151183970857
19.6,0.7370505789152956,0.15935405240706887,0.02102376599634369,0.01340645947592931,0.029250457038391225,0.005484460694698354,0.034430225472273
19.700000000000003,0.7371794871794872,0.16117216117216118,0.020146520146520148,0.014652014652014652,0.027472527472527472,0.005494505494505495,0.03388278388278388
19.8,0.7426739926739927,0.1633089133089133,0.023504273504273504,0.010073260073260074,0.023809523809523808,0.005494505494505495,0.031135531135531136
19.900000000000002,0.7443425076452601,0.163302752293578,0.026299694189602443,0.006727828746177369,0.02110091743119266,0.005504587155963303,0.0327217125382263
20.0,0.736697247706422,0.16269113149847095,0.025688073394495414,0.0045871559633027525,0.02262996941896024,0.005504587155963303,0.04220183486238532
20.1,0.7284063260340632,0.16605839416058393,0.021593673965936738,0.002737226277372263,0.025851581508515818,0.005474452554744526,0.04987834549878345
20.200000000000003,0.7278787878787878,0.1734848484848485,0.02151515151515151,0.00303030303030303,0.02106060606060606,0.005454545454545455,0.04757575757575757
20.3,0.7177516576250753,0.1767631103074141,0.02305605786618445,0.00406871609403255,0.025015069318866785,0.0045207956600361665,0.048824593128390596
20.400000000000002,0.7160940325497288,0.17389993972272452,0.02109704641350211,0.005726341169379144,0.02742616033755274,0.003616636528028933,0.05213984327908378
20.5,0.7224231464737794,0.1763110307414105,0.017179023508137433,0.009945750452079566,0.028933092224231464,0.003616636528028933,0.04159132007233273
20.6,0.7239300783604582,0.17811934900542495,0.014466546112115732,0.012055455093429776,0.03164556962025317,0.003616636528028933,0.03616636528028933
20.700000000000003,0.7249249249249249,0.17657657657657655,0.01261261261261261,0.010810810810810811,0.03273273273273273,0.0036036036036036037,0.03873873873873874
20.8,0.7127468581687613,0.1798324356672651,0.012567324955116697,0.013165769000598444,0.03590664272890485,0.003590664272890485,0.0421903052064632
20.900000000000002,0.6981414868105514,0.18974820143884893,0.013788968824940047,0.014988009592326136,0.03747002398081535,0.0035971223021582736,0.04226618705035971
21.0,0.7007779772591263,0.19180131657690008,0.011370436864153202,0.013165769000598444,0.037103530819868336,0.003590664272890485,0.0421903052064632
21.1,0.7085577498503891,0.19150209455415917,0.008378216636744464,0.008677438659485337,0.03949730700179533,0.003590664272890485,0.039796529024536204
21.200000000000003,0.7134292565947241,0.18615107913669066,0.009592326139088728,0.011690647482014389,0.03507194244604316,0.0035971223021582736,0.040467625899280574
21.3,0.7171171171171171,0.1837837837837838,0.010810810810810811,0.013513513513513514,0.02882882882882883,0.0036036036036036037,0.04234234234234234
21.400000000000002,0.7234299516908214,0.18659420289855072,0.010869565217391304,0.01177536231884058,0.028079710144927536,0.0036231884057971015,0.035628019323671496
21.5,0.7231280193236714,0.19021739130434784,0.012681159420289856,0.010869565217391304,0.028079710144927536,0.0036231884057971015,0.03140096618357488
21.6,0.7262334536702767,0.1856197352587244,0.01444043321299639,0.00842358604091456,0.026474127557160047,0.0036101083032490976,0.0351985559566787
21.700000000000003,0.7241275571600482,0.18411552346570398,0.012936221419975932,0.006919374247894103,0.026474127557160047,0.0036101083032490976,0.04181708784596872
21.8,0.7247292418772564,0.1862214199759326,0.010830324909747292,0.008724428399518652,0.02527075812274368,0.0030084235860409142,0.04121540312876053
21.900000000000002,0.7295427196149217,0.1832129963898917,0.011432009626955477,0.011432009626955475,0.024969915764139587,0.0024067388688327313,0.03700361010830325
22.0,0.7259528130671506,0.1823956442831216,0.019056261343012703,0.014519056261343012,0.022686025408348458,0.0018148820326678765,0.03357531760435572
22.1,0.7301875378100423,0.17937084089534183,0.018753781004234724,0.014519056261343012,0.022686025408348458,0.0018148820326678765,0.032667876588021776
22.200000000000003,0.7301017354877319,0.18312387791741472,0.018850987432675045,0.011669658886894075,0.02244165170556553,0.0017953321364452424,0.03201675643327349
22.3,0.7313655336911151,0.1806797853309481,0.020572450805008944,0.008646392367322599,0.02146690518783542,0.0017889087656529517,0.035480023852116876
22.400000000000002,0.7337507453786524,0.17680381633870004,0.022063208109719738,0.008646392367322599,0.02355396541443053,0.0011926058437686344,0.03398926654740608
22.5,0.7314814814814815,0.1753285543608124,0.02389486260454002,0.009259259259259259,0.026583034647550775,0.0005973715651135006,0.03285543608124253
22.6,0.7313477737665462,0.17809867629362214,0.024067388688327314,0.010228640192539109,0.024067388688327317,0.0006016847172081828,0.0315884476534296
22.700000000000003,0.7260397830018083,0.18173598553345388,0.022603978300180832,0.0108499095840868,0.02531645569620253,0.0018083182640144665,0.03164556962025317
22.8,0.7297705314009661,0.1781400966183575,0.019927536231884056,0.009963768115942028,0.02898550724637681,0.0018115942028985507,0.03140096618357488
22.9,0.7294685990338163,0.17964975845410627,0.018417874396135268,0.007548309178743962,0.03140096618357488,0.0018115942028985507,0.03170289855072464
23.0,0.7275757575757575,0.18272727272727274,0.019393939393939394,0.00606060606060606,0.031818181818181815,0.0018181818181818182,0.030606060606060605
23.1,0.7252580449301761,0.18670309653916212,0.022465088038858532,0.004553734061930784,0.030054644808743168,0.0018214936247723133,0.02914389799635701
23.200000000000003,0.7220194647201946,0.1891727493917275,0.022506082725060824,0.003041362530413625,0.0316301703163017,0.0018248175182481751,0.029805352798053526
23.3,0.7212121212121212,0.19242424242424241,0.022727272727272728,0.006363636363636364,0.030303030303030304,0.0018181818181818182,0.025151515151515154
23.4,0.7258454106280193,0.18840579710144928,0.022342995169082124,0.006340579710144928,0.03170289855072464,0.0018115942028985507,0.02355072463768116
23.5,0.7228260869565217,0.18568840579710144,0.025362318840579712,0.006340579710144928,0.03170289855072464,0.0018115942028985507,0.026268115942028984
23.6,0.7159709618874773,0.18602540834845735,0.028130671506352088,0.007259528130671506,0.02964307320024199,0.0018148820326678765,0.03115547489413188
23.700000000000003,0.70508166969147,0.19328493647912887,0.029945553539019964,0.0054446460980036296,0.032667876588021776,0.0018148820326678765,0.03176043557168784
23.8,0.7010869565217392,0.18900966183574877,0.03200483091787439,0.00392512077294686,0.041062801932367145,0.0018115942028985507,0.031099033816425117
23.9,0.7022946859903381,0.18659420289855072,0.03381642512077295,0.004830917874396135,0.03804347826086957,0.003019323671497584,0.03140096618357488
24.0,0.7041742286751361,0.1836055656382335,0.032667876588021776,0.0054446460980036296,0.03539019963702359,0.003629764065335753,0.03508771929824561
24.1,0.7133333333333334,0.17787878787878786,0.024545454545454544,0.006666666666666666,0.03575757575757576,0.0036363636363636364,0.038181818181818185
24.200000000000003,0.7076502732240437,0.1830601092896175,0.022768670309653915,0.007285974499089253,0.033697632058287796,0.0036429872495446266,0.04189435336976321
24.3,0.7176684881602914,0.18032786885245902,0.024893746205221615,0.006375227686703097,0.029143897996357013,0.0036429872495446266,0.03794778384942319
24.400000000000002,0.7268856447688565,0.17639902676399025,0.023418491484184914,0.008211678832116789,0.02798053527980535,0.0042579075425790746,0.032846715328467155
24.5,0.727217125382263,0.18287461773700306,0.020489296636085626,0.00672782874617737,0.02660550458715596,0.005504587155963303,0.030581039755351678
24.6,0.7281345565749237,0.18501529051987764,0.02018348623853211,0.004892966360856269,0.02691131498470948,0.005504587155963303,0.029357798165137616
24.700000000000003,0.7280540208717005,0.18477593615715163,0.02394106813996317,0.0024554941682013503,0.027010435850214856,0.0055248618784530384,0.028238182934315525
24.8,0.7187112763320943,0.18711276332094173,0.028190830235439897,0.0018587360594795538,0.029120198265179677,0.0055762081784386614,0.02942998760842627
24.900000000000002,0.7092592592592593,0.19074074074074074,0.028703703703703703,0.002777777777777778,0.026851851851851852,0.005555555555555556,0.03611111111111111
25.0,0.7000000000000001,0.19320987654320987,0.03024691358024691,0.003703703703703704,0.027777777777777776,0.005555555555555556,0.03950617283950617
25.1,0.7087980173482031,0.1895910780669145,0.030978934324659226,0.006195786864931846,0.02509293680297398,0.0055762081784386614,0.033767038413878556
25.200000000000003,0.7125154894671624,0.18866171003717472,0.02973977695167286,0.006505576208178439,0.026951672862453528,0.0055762081784386614,0.03004956629491945
25.3,0.7138888888888889,0.19012345679012344,0.02993827160493827,0.007098765432098765,0.02716049382716049,0.005555555555555556,0.026234567901234563
25.400000000000002,0.7147734326505277,0.1930477963997517,0.028553693358162633,0.010242085661080074,0.024518932340161392,0.00558659217877095,0.02327746741154562
25.5,0.7080996884735203,0.20031152647975078,0.02866043613707165,0.011838006230529595,0.02336448598130841,0.005607476635514018,0.022118380062305293
25.6,0.7058270676691729,0.20488721804511278,0.02819548872180451,0.013157894736842105,0.023496240601503758,0.005639097744360902,0.018796992481203006
25.700000000000003,0.7114661654135338,0.2033208020050125,0.02788220551378446,0.015977443609022556,0.020050125313283207,0.005639097744360902,0.015664160401002505
25.8,0.7096573208722742,0.20311526479750777,0.027725856697819313,0.015576323987538939,0.0205607476635514,0.005607476635514018,0.017757009345794394
25.900000000000002,0.700374531835206,0.20474406991260927,0.028089887640449437,0.016853932584269662,0.02465667915106117,0.0056179775280898875,0.019662921348314606
26.0,0.6962616822429907,0.20186915887850468,0.02866043613707165,0.017133956386292833,0.02866043613707165,0.005607476635514018,0.021806853582554516
26.1,0.6963171036204744,0.20474406991260927,0.027465667915106115,0.013108614232209737,0.033395755305867664,0.004369538077403246,0.020599250936329586
26.200000000000003,0.6994996873045655,0.2048155096935585,0.024390243902439025,0.01063164477798624,0.03470919324577861,0.003126954346466541,0.022826766729205753
26.3,0.7030075187969925,0.20457393483709274,0.022556390977443608,0.008771929824561403,0.03195488721804511,0.0018796992481203006,0.02725563909774436
26.400000000000002,0.7018204645323288,0.20307595731324543,0.023540489642184557,0.006591337099811676,0.032015065913371,0.0018832391713747645,0.031073446327683617
26.5,0.7006931316950222,0.1981726528040328,0.024574669187145556,0.005671077504725898,0.034026465028355386,0.001890359168241966,0.03497164461247637
26.6,0.7113821138211381,0.19011882426516571,0.023139462163852407,0.005628517823639775,0.03095684803001876,0.001876172607879925,0.03689806128830519
26.700000000000003,0.7109034267912774,0.18909657320872272,0.022429906542056073,0.003426791277258567,0.03395638629283489,0.001869158878504673,0.038317757009345796
26.8,0.7099688473520249,0.19034267912772584,0.022741433021806853,0.003738317757009346,0.03520249221183801,0.001869158878504673,0.03613707165109035
26.900000000000002,0.7161993769470406,0.18878504672897195,0.022118380062305293,0.005919003115264798,0.03021806853582554,0.001869158878504673,0.03489096573208722
27.0,0.7303370786516854,0.1797752808988764,0.02247191011235955,0.008426966292134831,0.027777777777777776,0.0009363295880149813,0.030274656679151055
27.1,0.7299065420560747,0.18037383177570093,0.022429906542056073,0.007476635514018692,0.029906542056074768,0.0,0.029906542056074768
27.200000000000003,0.7225325884543762,0.1868404717566729,0.021104903786468034,0.00558659217877095,0.03227808814400994,0.0,0.03165735567970205
27.3,0.7139303482587064,0.19029850746268656,0.022388059701492536,0.006218905472636816,0.03451492537313433,0.0,0.03264925373134328
27.400000000000002,0.7119801365611421,0.1945996275605214,0.020484171322160148,0.0062073246430788325,0.03476101800124146,0.0,0.031967721911855984
27.5,0.7191185599006829,0.19490999379267537,0.015828677839851025,0.006828057107386716,0.03227808814400993,0.0,0.03103662321539416
27.6,0.7341417910447762,0.18594527363184077,0.01741293532338308,0.005286069651741293,0.028917910447761194,0.0,0.02829601990049751
27.700000000000003,0.7458100558659218,0.17411545623836128,0.018932340161390438,0.006828057107386716,0.025139664804469275,0.0,0.029174425822470516
27.8,0.7490706319702602,0.16728624535315986,0.020446096654275093,0.010223048327137546,0.023234200743494422,0.0,0.02973977695167286
27.900000000000002,0.7493781094527362,0.16417910447761194,0.02145522388059701,0.008395522388059701,0.024253731343283583,0.0,0.03233830845771144
28.0,0.7478070175438595,0.16447368421052633,0.02286967418546366,0.006578947368421052,0.02788220551378446,0.0,0.030388471177944864
28.1,0.7465408805031446,0.16855345911949685,0.022641509433962263,0.0047169811320754715,0.029245283018867925,0.0,0.02830188679245283
28.200000000000003,0.7426239799121156,0.17325800376647835,0.02322661644695543,0.004394224733207783,0.028876333961079723,0.0,0.027620841180163214
28.3,0.739308176100629,0.1770440251572327,0.025157232704402514,0.004088050314465409,0.029559748427672953,0.0,0.024842767295597482
28.400000000000002,0.7344632768361581,0.17890772128060264,0.022912743251726302,0.004708097928436911,0.03295668549905838,0.0,0.026051475204017578
28.5,0.7298311444652908,0.1801125703564728,0.020637898686679174,0.005628517823639775,0.03283302063789869,0.0,0.03095684803001876
28.6,0.7274436090225563,0.17951127819548873,0.019736842105263157,0.006578947368421052,0.03383458646616541,0.0,0.03289473684210526
28.700000000000003,0.7258064516129032,0.17647058823529413,0.020872865275142316,0.009487666034155597,0.03510436432637571,0.0,0.03225806451612903
28.8,0.7262357414448669,0.17395437262357413,0.02091254752851711,0.011406844106463879,0.03485424588086185,0.0,0.03263624841571609
28.900000000000002,0.7273877292852624,0.1758380771663504,0.022770398481973434,0.011385199240986717,0.036053130929791274,0.0,0.026565464895635674
29.0,0.7300690521029504,0.1757689893283114,0.027620841180163214,0.009416195856873822,0.03515379786566227,0.0,0.021971123666038924
29.1,0.7350910232266166,0.17106089139987446,0.02919020715630885,0.007532956685499058,0.03327055869428751,0.0,0.023854362837413687
29.200000000000003,0.7429378531073446,0.16666666666666666,0.028876333961079723,0.003766478342749529,0.03483992467043315,0.0,0.022912743251726302
29.3,0.7504690431519699,0.15947467166979362,0.029080675422138838,0.004690431519699813,0.036585365853658534,0.0,0.019699812382739212
29.400000000000002,0.7417135709818636,0.15791119449656033,0.029080675422138838,0.0075046904315197,0.039399624765478425,0.0,0.024390243902439025
29.5,0.7446941323345818,0.15511860174781522,0.02933832709113608,0.009363295880149813,0.035268414481897624,0.0,0.026217228464419477
29.6,0.7464040025015636,0.15384615384615385,0.02845528455284553,0.010006253908692933,0.03252032520325203,0.0,0.02876797998749218
29.700000000000003,0.7423389618511569,0.15634771732332706,0.029393370856785492,0.008130081300813007,0.02939337085678549,0.0,0.03439649781113196
29.8,0.7432770481550969,0.15478424015009382,0.027204502814258912,0.009693558474046278,0.02720450281425891,0.0006253908692933083,0.03721075672295184
29.900000000000002,0.7429643527204502,0.1588492808005003,0.024702939337085682,0.01063164477798624,0.02564102564102564,0.001876172607879925,0.03533458411507192
30.0,0.7397003745318352,0.16198501872659177,0.026217228464419477,0.013108614232209739,0.02153558052434457,0.0018726591760299626,0.035580524344569285
30.1,0.7356429463171037,0.16448189762796503,0.026217228464419477,0.012172284644194757,0.023408239700374533,0.0018726591760299626,0.03620474406991261
30.200000000000003,0.7336448598130841,0.16417445482866042,0.027102803738317756,0.011526479750778815,0.025233644859813085,0.001869158878504673,0.03644859813084112
30.3,0.7355679702048417,0.16449410304158907,0.027932960893854747,0.00931098696461825,0.029174425822470516,0.00186219739292365,0.03165735567970205
30.400000000000002,0.7365491651205937,0.16635745207173777,0.02844774273345702,0.005875077303648732,0.0287569573283859,0.0018552875695732839,0.032158317872603585
30.5,0.7313616759088108,0.16789895255699322,0.030191004313000615,0.006161429451632779,0.02895871842267406,0.0018484288354898336,0.03357979051139864
30.6,0.7255083179297597,0.1719038817005545,0.02988293284041897,0.008626001232285891,0.02988293284041897,0.0018484288354898336,0.03234750462107209
30.700000000000003,0.7207792207792207,0.17810760667903525,0.0287569573283859,0.008348794063079777,0.03153988868274583,0.0018552875695732839,0.030612244897959183
30.8,0.7274691358024691,0.17777777777777778,0.02962962962962963,0.00802469135802469,0.027160493827160494,0.001851851851851852,0.028086419753086418
30.900000000000002,0.725417439703154,0.17470624613481756,0.032467532467532464,0.009585652442795299,0.025974025974025976,0.0018552875695732839,0.029993815708101418
31.0,0.7269635126777985,0.17068645640074212,0.03494124922696351,0.009585652442795299,0.025974025974025976,0.0018552875695732839,0.029993815708101418
31.1,0.7340754483611626,0.1694495980210266,0.03525046382189239,0.0074211502782931356,0.025974025974025976,0.0018552875695732839,0.025974025974025976
31.200000000000003,0.7332101047443007,0.17221195317313615,0.036660505237215035,0.004313000616142945,0.027110289587184224,0.0018484288354898336,0.024645717806531117
31.3,0.7276348039215687,0.17524509803921567,0.03799019607843137,0.003370098039215686,0.02512254901960784,0.001838235294117647,0.028799019607843136
31.400000000000002,0.7276348039215685,0.17738970588235295,0.03247549019607843,0.005208333333333333,0.023284313725490197,0.0027573529411764708,0.03125
31.5,0.7302025782688766,0.1712707182320442,0.02578268876611418,0.010128913443830571,0.020257826887661142,0.003683241252302026,0.03867403314917127
31.6,0.7366482504604052,0.1694290976058932,0.02394106813996317,0.010128913443830571,0.016267648864333944,0.003683241252302026,0.03990178023327194
31.700000000000003,0.737215033887862,0.17467652495378927,0.02310536044362292,0.00831792975970425,0.018792359827479975,0.0036968576709796672,0.034195933456561925
31.8,0.7269372693726938,0.17988929889298894,0.026752767527675275,0.007072570725707257,0.023370233702337023,0.0036900369003690036,0.03228782287822878
31.900000000000002,0.7240638428483732,0.1764886433394721,0.03161448741559239,0.006445672191528545,0.024554941682013505,0.003683241252302026,0.03314917127071823
32.0,0.7225291589932473,0.17341927562922038,0.029158993247391036,0.006752608962553714,0.029158993247391036,0.003683241252302026,0.03529772866789441
32.1,0.7206959706959706,0.17338217338217338,0.027167277167277164,0.008241758241758242,0.029609279609279605,0.004578754578754579,0.03632478632478632
32.2,0.7155963302752294,0.17889908256880735,0.027522935779816515,0.008256880733944955,0.028440366972477066,0.005504587155963303,0.03577981651376147
32.3,0.7177370030581041,0.1798165137614679,0.023547400611620792,0.008256880733944955,0.031192660550458717,0.006422018348623854,0.03302752293577982
32.400000000000006,0.736085626911315,0.1694189602446483,0.022018348623853212,0.006422018348623854,0.03211009174311927,0.007339449541284404,0.026605504587155965
32.5,0.7415902140672783,0.16483180428134556,0.022935779816513763,0.004892966360856269,0.034556574923547405,0.007339449541284404,0.023853211009174313
32.6,0.7356532356532357,0.16422466422466422,0.021367521367521368,0.005189255189255189,0.039987789987789985,0.007326007326007326,0.026251526251526252
32.7,0.7351681957186544,0.16452599388379205,0.02018348623853211,0.005504587155963303,0.03975535168195718,0.00672782874617737,0.028134556574923548
32.8,0.7330895795246801,0.1684948202315661,0.018890920170627663,0.005179768433881779,0.03900060938452163,0.0060938452163315044,0.02925045703839122
32.900000000000006,0.7276051188299817,0.1736745886654479,0.02102376599634369,0.004570383912248629,0.037477148080438755,0.005484460694698354,0.03016453382084095
33.0,0.7216117216117216,0.1804029304029304,0.02197802197802198,0.0027472527472527475,0.03663003663003663,0.005494505494505495,0.031135531135531136
33.1,0.7227300426569164,0.18769043266301033,0.02254722730042657,0.0009140767824497258,0.032297379646556976,0.006398537477148081,0.027422303473491772
33.2,0.7221206581352834,0.18494820231566117,0.02376599634369287,0.0009140767824497258,0.034430225472273,0.007312614259597806,0.026508226691042046
33.3,0.7165450121654501,0.18613138686131386,0.022506082725060824,0.0021289537712895373,0.0364963503649635,0.0072992700729927005,0.02889294403892944
33.400000000000006,0.7192822384428225,0.18248175182481755,0.020681265206812655,0.00364963503649635,0.03467153284671533,0.0072992700729927005,0.03193430656934307
33.5,0.729051987767584,0.1730886850152905,0.02079510703363914,0.004892966360856269,0.030275229357798167,0.007951070336391437,0.03394495412844037
33.6,0.7335164835164835,0.16758241758241757,0.022893772893772892,0.005494505494505495,0.03021978021978022,0.008241758241758242,0.03205128205128205
33.7,0.7307692307692307,0.17124542124542125,0.02564102564102564,0.005494505494505495,0.028388278388278388,0.007326007326007326,0.031135531135531136
33.8,0.7249694749694751,0.17399267399267399,0.03021978021978022,0.00641025641025641,0.028693528693528692,0.007326007326007326,0.028388278388278388
33.900000000000006,0.7226299694189602,0.1749235474006116,0.03394495412844037,0.006116207951070336,0.028440366972477066,0.007339449541284404,0.026605504587155965
34.0,0.7205882352941176,0.17984068627450983,0.033394607843137254,0.006433823529411764,0.027573529411764705,0.007352941176470588,0.024816176470588234
34.1,0.7257965686274509,0.17616421568627447,0.030330882352941176,0.007352941176470588,0.027879901960784312,0.007352941176470588,0.02512254901960784
34.2,0.7326007326007326,0.17155067155067155,0.029304029304029304,0.010378510378510378,0.02197802197802198,0.007326007326007326,0.02686202686202686
34.3,0.7397553516819573,0.16483180428134553,0.029663608562691127,0.013149847094801222,0.01804281345565749,0.007339449541284404,0.027217125382262994
34.400000000000006,0.7422303473491774,0.1636197440585009,0.029250457038391225,0.009140767824497258,0.02010968921389397,0.006398537477148081,0.029250457038391225
34.5,0.7434729811778992,0.1621129326047359,0.025500910746812388,0.008803885853066181,0.025500910746812388,0.00546448087431694,0.029143897996357013
34.6,0.7495446265938069,0.15604128718882815,0.023679417122040074,0.007589556769884638,0.026715239829993926,0.00546448087431694,0.030965391621129327
34.7,0.7525710828796127,0.15366001209921354,0.021778584392014518,0.004234724742891711,0.029038112522686024,0.0054446460980036296,0.03327283726557773
34.8,0.7386569872958257,0.1600120992135511,0.019963702359346643,0.00514216575922565,0.03720508166969147,0.0054446460980036296,0.03357531760435572
34.900000000000006,0.740036231884058,0.16545893719806765,0.021135265700483092,0.006038647342995168,0.034722222222222224,0.004830917874396135,0.027777777777777776
35.0,0.7426160337552743,0.1690777576853526,0.020494273658830622,0.005123568414707655,0.03074141048824593,0.003616636528028933,0.028330319469559974
35.1,0.740506329113924,0.17088607594936708,0.0216998191681736,0.0054249547920434,0.027124773960216998,0.003616636528028933,0.03074141048824593
35.2,0.7450271247739603,0.16907775768535263,0.022603978300180832,0.006329113924050633,0.026220614828209764,0.003616636528028933,0.027124773960216998
35.3,0.7411411411411412,0.17117117117117117,0.021621621621621623,0.007507507507507507,0.025825825825825825,0.0036036036036036037,0.029129129129129124
35.400000000000006,0.7432432432432432,0.17177177177177178,0.021621621621621623,0.006606606606606606,0.02192192192192192,0.0045045045045045045,0.030330330330330328
35.5,0.7401079136690647,0.1774580335731415,0.02068345323741007,0.007494004796163068,0.019184652278177457,0.00539568345323741,0.029676258992805755
35.6,0.7398446833930705,0.17682198327359616,0.01971326164874552,0.01045400238948626,0.02031063321385902,0.005973715651135005,0.026881720430107527
35.7,0.7311151079136691,0.17925659472422062,0.02038369304556355,0.012290167865707434,0.023081534772182253,0.006594724220623501,0.02727817745803357
35.8,0.7365107913669064,0.17805755395683454,0.02068345323741007,0.01079136690647482,0.026079136690647483,0.007194244604316547,0.02068345323741007
35.900000000000006,0.7418478260869565,0.1802536231884058,0.019021739130434784,0.009057971014492754,0.025362318840579712,0.007246376811594203,0.017210144927536232
36.0,0.736237144585602,0.18300060496067755,0.018753781004234724,0.008771929824561403,0.02601330913490623,0.007259528130671506,0.019963702359346643
36.1,0.7329716696805305,0.18022905364677516,0.019891500904159132,0.009041591320072333,0.027124773960216998,0.007233273056057866,0.023508137432188065
36.2,0.7272453285111513,0.18655816757082577,0.020192887281494876,0.006630500301386377,0.027124773960217,0.007233273056057866,0.025015069318866785
36.3,0.718203737191079,0.19318866787221217,0.021097046413502105,0.006027727546714889,0.024110910186859548,0.007233273056057866,0.030138637733574437
36.400000000000006,0.7138535995160314,0.19903206291591044,0.017846339987900785,0.00483968542044767,0.02329098608590442,0.006654567453115547,0.03448275862068965
36.5,0.7139843279083785,0.20253164556962025,0.014466546112115732,0.003616636528028933,0.027124773960216998,0.0054249547920434,0.03285111512959614
36.6,0.7138989169675091,0.20126353790613719,0.01444043321299639,0.0018050541516245488,0.02888086642599278,0.005415162454873646,0.03429602888086643
36.7,0.7166064981949458,0.19855595667870035,0.016245487364620937,0.0009025270758122744,0.02707581227436823,0.005415162454873646,0.0351985559566787
36.8,0.723826714801444,0.19494584837545126,0.016245487364620937,0.0018050541516245488,0.02527075812274368,0.005415162454873646,0.032490974729241874
36.900000000000006,0.7288647342995169,0.19504830917874397,0.018115942028985508,0.002717391304347826,0.025362318840579712,0.006340579710144928,0.02355072463768116
37.0,0.7252415458937198,0.1953502415458937,0.018115942028985508,0.003019323671497584,0.02747584541062802,0.007246376811594203,0.02355072463768116
37.1,0.722020568663037,0.19903206291591044,0.018753781004234724,0.0021173623714458556,0.026315789473684206,0.007259528130671506,0.024500907441016333
37.2,0.7226255293405928,0.1969147005444646,0.01966122202056866,0.003629764065335753,0.02510586811857229,0.007259528130671506,0.02480338777979431
37.3,0.7192028985507246,0.19655797101449277,0.019927536231884056,0.004528985507246377,0.028079710144927536,0.007246376811594203,0.024456521739130436
37.400000000000006,0.7117930204572803,0.20096269554753307,0.020156438026474127,0.006618531889290012,0.028580024067388687,0.007220216606498195,0.024669073405535497
37.5,0.7147147147147146,0.20030030030030027,0.02042042042042042,0.005405405405405406,0.027927927927927924,0.007207207207207207,0.02402402402402402
37.6,0.7122302158273381,0.20113908872901679,0.02158273381294964,0.004796163069544364,0.02697841726618705,0.007194244604316547,0.026079136690647483
37.7,0.706006006006006,0.19759759759759757,0.02402402402402402,0.005405405405405406,0.02882882882882883,0.007207207207207207,0.030930930930930932
37.8,0.7042719614921781,0.19705174488567992,0.025270758122743684,0.003910950661853188,0.02948255114320096,0.006618531889290012,0.033393501805054154
37.900000000000006,0.7039039039039039,0.2018018018018018,0.026426426426426425,0.0018018018018018018,0.027327327327327327,0.006906906906906906,0.03183183183183183
38.0,0.7108108108108108,0.1990990990990991,0.025225225225225224,0.0018018018018018018,0.024324324324324326,0.007207207207207207,0.03153153153153153
38.1,0.7135135135135136,0.19789789789789788,0.022822822822822823,0.0036036036036036037,0.023423423423423424,0.007207207207207207,0.03153153153153153
38.2,0.7129129129129128,0.1972972972972973,0.02312312312312312,0.0042042042042042035,0.024624624624624628,0.007207207207207207,0.03063063063063063
38.3,0.7129963898916968,0.2003610108303249,0.020156438026474127,0.004813477737665463,0.025872442839951864,0.007220216606498195,0.02858002406738869
38.400000000000006,0.7132616487455196,0.19982078853046595,0.019115890083632018,0.0062724014336917565,0.026284348864994027,0.0062724014336917565,0.02897252090800478
38.5,0.717833632555356,0.19539198084979054,0.021244763614602032,0.007779772591262717,0.026331538001196888,0.004189108318372233,0.02722920406941951
38.6,0.7250149611011371,0.19060442848593656,0.02004787552363854,0.008378216636744464,0.026032315978456014,0.003590664272890485,0.026331538001196884
38.7,0.7199281867145422,0.19030520646319568,0.017953321364452424,0.009874326750448833,0.027827648114901255,0.003590664272890485,0.03052064631956912
38.8,0.7163375224416517,0.18821065230400957,0.017953321364452424,0.011669658886894075,0.027827648114901255,0.0047875523638539795,0.03321364452423698
38.900000000000006,0.7169359664871335,0.1843207660083782,0.019150209455415918,0.012268102932375822,0.02872531418312388,0.005385996409335727,0.03321364452423698
39.0,0.7127468581687613,0.18312387791741472,0.02154398563734291,0.010771992818671455,0.03141831238779174,0.0062836624775583485,0.03411131059245961
39.1,0.7157039711191335,0.18110709987966306,0.01865222623345367,0.011732851985559567,0.03098676293622142,0.007220216606498195,0.034596871239470514
39.2,0.7204204204204204,0.18138138138138138,0.016216216216216217,0.009309309309309309,0.03153153153153153,0.007207207207207207,0.03393393393393393
39.3,0.7204204204204204,0.18768768768768768,0.017117117117117116,0.006606606606606606,0.02912912912912913,0.007207207207207207,0.03183183183183183
39.400000000000006,0.7306306306306306,0.1873873873873874,0.017417417417417418,0.004804804804804805,0.027927927927927927,0.006306306306306306,0.025525525525525526
39.5,0.7342342342342343,0.18828828828828828,0.01981981981981982,0.0036036036036036037,0.02702702702702703,0.005405405405405406,0.021621621621621623
39.6,0.727027027027027,0.1918918918918919,0.02252252252252252,0.006306306306306306,0.02252252252252252,0.006306306306306306,0.023423423423423424
39.7,0.7211191335740073,0.18953068592057762,0.024368231046931407,0.009927797833935019,0.01895306859205776,0.007220216606498195,0.02888086642599278
39.8,0.725314183123878,0.18312387791741472,0.02333931777378815,0.009874326750448833,0.018850987432675045,0.00718132854578097,0.03231597845601436
39.900000000000006,0.7275179856115107,0.17925659472422062,0.022482014388489204,0.00749400479616307,0.02398081534772182,0.007194244604316547,0.03207434052757794
40.0,0.729802513464991,0.18312387791741472,0.01974865350089766,0.005984440454817474,0.02423698384201077,0.00718132854578097,0.02992220227408737
40.1,0.729802513464991,0.18282465589467387,0.015858767205266307,0.007779772591262718,0.022740873728306406,0.00718132854578097,0.033812088569718735
40.2,0.7214242968282466,0.19090365050867747,0.01526032315978456,0.008378216636744464,0.021843207660083783,0.00718132854578097,0.03500897666068223
40.3,0.7216726618705036,0.18929856115107913,0.01723621103117506,0.007643884892086331,0.025629496402877698,0.007194244604316547,0.03132494004796162
40.400000000000006,0.7167561121049494,0.1851520572450805,0.017889087656529516,0.005963029218843172,0.03130590339892665,0.007155635062611807,0.03577817531305903
40.5,0.7171445639187575,0.1863799283154122,0.01971326164874552,0.002688172043010753,0.02956989247311828,0.0077658303464755085,0.036738351254480286
40.6,0.7182468694096601,0.18425760286225404,0.020572450805008944,0.0008944543828264759,0.03041144901610018,0.009838998211091235,0.03577817531305903
40.7,0.7234169653524493,0.18309438470728792,0.02210274790919952,0.0008960573476702509,0.028972520908004774,0.010752688172043012,0.030764635603345275
40.8,0.7216248506571087,0.18100358422939067,0.024193548387096774,0.0035842293906810036,0.026881720430107527,0.010752688172043012,0.03195937873357228
40.900000000000006,0.7275985663082437,0.17861409796893665,0.02150537634408602,0.004480286738351254,0.02837514934289128,0.010752688172043012,0.02867383512544803
41.0,0.7333931777378815,0.17295032914422503,0.016457211250748054,0.0062836624775583485,0.02992220227408737,0.010771992818671455,0.030221424296828243
41.1,0.730515587529976,0.17715827338129497,0.013788968824940047,0.006294964028776978,0.02937649880095923,0.01079136690647482,0.03207434052757793
41.2,0.7405405405405405,0.1753753753753754,0.013813813813813813,0.005405405405405406,0.026426426426426425,0.010810810810810811,0.02762762762762763
41.3,0.7419064748201439,0.17176258992805754,0.01618705035971223,0.0044964028776978415,0.02697841726618705,0.01079136690647482,0.02787769784172662
