,run,cast,stop,hunch,backup,roll,small_actions
14.8,0.3971132897603486,0.5144880174291939,0.017973856209150325,0.0032679738562091504,0.036274509803921565,0.0032679738562091504,0.02761437908496732
14.9,0.3884531590413944,0.5172113289760348,0.018790849673202614,0.00196078431372549,0.040522875816993466,0.0006535947712418301,0.032407407407407406
15.0,0.3988142292490119,0.5116600790513833,0.012845849802371542,0.0031620553359683794,0.03557312252964427,0.0,0.03794466403162055
15.100000000000001,0.40544619422572176,0.5068897637795275,0.011811023622047244,0.004593175853018373,0.03635170603674541,0.002362204724409449,0.03254593175853018
15.200000000000001,0.4107142857142857,0.5050925925925925,0.010582010582010581,0.003968253968253968,0.03882275132275132,0.00496031746031746,0.025859788359788364
15.3,0.41292650918635165,0.5107611548556431,0.008202099737532807,0.002362204724409449,0.03641732283464567,0.006692913385826772,0.022637795275590553
15.4,0.4118577075098814,0.508695652173913,0.007905138339920948,0.0007905138339920949,0.037549407114624504,0.007905138339920948,0.025296442687747035
15.5,0.414640522875817,0.5072549019607843,0.006862745098039216,0.0,0.035424836601307186,0.008627450980392158,0.02718954248366013
15.600000000000001,0.40928104575163404,0.5140522875816993,0.00718954248366013,0.00196078431372549,0.03176470588235294,0.010980392156862744,0.02477124183006536
15.700000000000001,0.3992810457516339,0.5216339869281045,0.008104575163398691,0.00261437908496732,0.03032679738562092,0.012549019607843137,0.025490196078431372
15.8,0.3929260450160772,0.5303858520900321,0.010932475884244373,0.0,0.037406216505894964,0.007556270096463021,0.02079314040728832
15.9,0.39710610932475887,0.5254555198285102,0.010610932475884243,0.0006430868167202572,0.03879957127545552,0.007931404072883173,0.01945337620578778
16.0,0.4006485084306096,0.5185473411154345,0.010376134889753566,0.0048638132295719845,0.03696498054474708,0.0062256809338521405,0.02237354085603113
16.1,0.3751291989664083,0.5355297157622739,0.011563307493540053,0.009560723514211887,0.03527131782945736,0.004392764857881137,0.028552971576227392
16.2,0.3611538461538461,0.5401923076923076,0.01814102564102564,0.009423076923076923,0.031538461538461536,0.004871794871794871,0.03467948717948718
16.3,0.3639743589743589,0.5322435897435898,0.02403846153846154,0.011346153846153846,0.02782051282051282,0.007692307692307693,0.03288461538461539
16.400000000000002,0.36438529784537393,0.5226235741444867,0.027883396704689478,0.013688212927756654,0.026679340937896073,0.009885931558935362,0.034854245880861855
16.5,0.35315656565656567,0.5400883838383838,0.02525252525252525,0.012373737373737374,0.03011363636363636,0.00909090909090909,0.02992424242424242
16.6,0.3400252525252525,0.5625,0.022727272727272728,0.007954545454545455,0.028156565656565654,0.010858585858585859,0.027777777777777776
16.7,0.3434974747474747,0.5639520202020202,0.016414141414141412,0.008585858585858586,0.0196969696969697,0.014393939393939393,0.03345959595959595
16.8,0.3373065015479876,0.5664086687306502,0.01393188854489164,0.010526315789473686,0.02368421052631579,0.01671826625386997,0.03142414860681115
16.900000000000002,0.3351909184726522,0.5691950464396286,0.013209494324045407,0.009545923632610939,0.02497420020639835,0.018988648090815272,0.028895768833849325
17.0,0.3493081761006289,0.5646540880503145,0.007044025157232705,0.00830188679245283,0.02471698113207547,0.016729559748427672,0.02924528301886793
17.1,0.35,0.5629072681704261,0.0018796992481203006,0.007518796992481203,0.025814536340852134,0.017418546365914788,0.03446115288220552
17.200000000000003,0.3525062656641604,0.5582080200501253,0.0009398496240601503,0.008145363408521303,0.01835839598997494,0.019799498746867168,0.04204260651629072
17.3,0.350375939849624,0.5653508771929824,0.0037593984962406013,0.006578947368421052,0.018483709273182956,0.014097744360902255,0.041353383458646614
17.400000000000002,0.35106117353308364,0.5711610486891385,0.012484394506866416,0.006554307116104869,0.014169787765293382,0.009363295880149813,0.0352059925093633
17.5,0.34375,0.5744949494949495,0.013257575757575758,0.006628787878787879,0.00984848484848485,0.013573232323232322,0.038446969696969695
17.6,0.3440025252525252,0.5728535353535354,0.013257575757575758,0.004545454545454545,0.006439393939393939,0.015151515151515152,0.04375
17.700000000000003,0.34660377358490563,0.5672955974842766,0.01509433962264151,0.005660377358490566,0.005031446540880503,0.014339622641509434,0.0459748427672956
17.8,0.3404835390946502,0.5683641975308641,0.012345679012345678,0.006172839506172839,0.020576131687242795,0.014660493827160493,0.03739711934156379
17.900000000000002,0.3433127572016461,0.5738168724279835,0.009259259259259259,0.005401234567901234,0.021090534979423866,0.013888888888888888,0.03323045267489712
18.0,0.3532442748091604,0.5797709923664123,0.007633587786259542,0.004770992366412214,0.008587786259541985,0.007633587786259542,0.0383587786259542
18.1,0.352915082382763,0.5792141951837769,0.0076045627376425855,0.0034854245880861848,0.01191381495564005,0.005830164765525982,0.03903675538656527
18.200000000000003,0.34657794676806086,0.579404309252218,0.008871989860583015,0.0019011406844106464,0.014638783269961975,0.009885931558935362,0.038719898605830166
18.3,0.326489226869455,0.6086818757921418,0.01064638783269962,0.0031685678073510772,0.006590621039290241,0.009885931558935362,0.034537389100126735
18.400000000000002,0.3188762626262626,0.624179292929293,0.00909090909090909,0.006313131313131312,0.005681818181818182,0.00984848484848485,0.026010101010101008
18.5,0.31540404040404046,0.6219065656565657,0.00946969696969697,0.007575757575757576,0.006628787878787879,0.009974747474747475,0.029040404040404037
18.6,0.31414141414141417,0.6166666666666667,0.01553030303030303,0.006313131313131313,0.006628787878787878,0.010037878787878788,0.03068181818181818
18.700000000000003,0.320770202020202,0.6094065656565656,0.01893939393939394,0.0053030303030303025,0.008207070707070706,0.012373737373737374,0.024999999999999998
18.8,0.321141975308642,0.6126028806584362,0.015843621399176954,0.0037037037037037034,0.014660493827160493,0.015174897119341562,0.016872427983539096
18.900000000000002,0.31779835390946504,0.6156893004115227,0.012037037037037037,0.0030864197530864196,0.018004115226337446,0.015946502057613166,0.01743827160493827
19.0,0.3090277777777778,0.6073863636363637,0.010353535353535354,0.007007575757575758,0.0196969696969697,0.015909090909090907,0.03061868686868687
19.1,0.30739348370927316,0.6010025062656642,0.013533834586466165,0.009273182957393484,0.023120300751879697,0.011340852130325815,0.03433583959899749
19.200000000000003,0.2951754385964912,0.618796992481203,0.012218045112781954,0.009523809523809525,0.02036340852130326,0.009398496240601503,0.034523809523809526
19.3,0.2835213032581454,0.6390977443609023,0.010025062656641603,0.009962406015037594,0.015538847117794484,0.006766917293233083,0.03508771929824562
19.400000000000002,0.2865914786967418,0.6404135338345865,0.005012531328320802,0.009774436090225564,0.017293233082706767,0.003947368421052632,0.03696741854636592
19.5,0.2865914786967418,0.6354636591478696,0.0018796992481203006,0.009022556390977442,0.017105263157894735,0.009711779448621553,0.040225563909774435
19.6,0.2973684210526316,0.6151629072681704,0.0018796992481203006,0.006766917293233083,0.017105263157894735,0.019172932330827067,0.04254385964912281
19.700000000000003,0.2989974937343358,0.6070802005012532,0.005952380952380952,0.004511278195488721,0.015789473684210527,0.022180451127819547,0.04548872180451129
19.8,0.30163098878695205,0.6047400611620795,0.01452599388379205,0.004281345565749235,0.016615698267074413,0.01834862385321101,0.039857288481141694
19.900000000000002,0.3069317023445464,0.6007135575942916,0.01452599388379205,0.005504587155963303,0.018093781855249742,0.01743119266055046,0.03679918450560652
20.0,0.3053459119496856,0.6076100628930817,0.009433962264150943,0.007547169811320755,0.016037735849056604,0.01408805031446541,0.03993710691823899
20.1,0.29578616352201254,0.619119496855346,0.008490566037735849,0.006792452830188679,0.021257861635220126,0.008742138364779875,0.03981132075471698
20.200000000000003,0.2935849056603774,0.6222641509433963,0.009433962264150943,0.004528301886792453,0.023207547169811323,0.006981132075471698,0.04
20.3,0.2937735849056604,0.6243396226415096,0.012264150943396225,0.0,0.01981132075471698,0.009119496855345912,0.040691823899371066
20.400000000000002,0.28905660377358494,0.6274842767295598,0.01132075471698113,0.0,0.017610062893081757,0.011320754716981131,0.04320754716981131
20.5,0.28345911949685537,0.6330188679245283,0.009748427672955974,0.0,0.018867924528301886,0.011320754716981131,0.04358490566037736
20.6,0.28680555555555554,0.6279671717171718,0.010416666666666666,0.0,0.01893939393939394,0.011363636363636364,0.04450757575757576
20.700000000000003,0.293671679197995,0.6166666666666668,0.009711779448621555,0.0,0.029010025062656642,0.009398496240601503,0.04154135338345864
20.8,0.308640081799591,0.5975460122699386,0.011247443762781187,0.0,0.04478527607361963,0.006134969325153374,0.03164621676891616
20.900000000000002,0.3173802242609582,0.5906727828746178,0.013251783893985727,0.0,0.042456676860346584,0.008307849133537206,0.027930682976554533
21.0,0.3190387016229713,0.5931335830212235,0.015917602996254682,0.0,0.02784019975031211,0.008863920099875154,0.0352059925093633
21.1,0.3204119850187266,0.5897627965043696,0.019975031210986267,0.0,0.024469413233458175,0.004993757802746567,0.04038701622971285
21.200000000000003,0.31991260923845194,0.5760923845193507,0.02247191011235955,0.0,0.030961298377028712,0.003745318352059925,0.04681647940074907
21.3,0.3104868913857678,0.5885767790262173,0.02215980024968789,0.002247191011235955,0.030337078651685393,0.003745318352059925,0.04244694132334582
21.400000000000002,0.314481897627965,0.5967540574282147,0.021972534332084896,0.00299625468164794,0.02421972534332085,0.004993757802746567,0.03458177278401998
21.5,0.3333333333333333,0.5835830212234706,0.023470661672908864,0.0009363295880149813,0.018102372034956304,0.011235955056179775,0.02933832709113608
21.6,0.33799751243781095,0.5773009950248755,0.020708955223880596,0.0007462686567164179,0.02021144278606965,0.017164179104477612,0.025870646766169157
21.700000000000003,0.33109452736318407,0.5740049751243781,0.017661691542288555,0.0057213930348258705,0.023134328358208955,0.020522388059701493,0.027860696517412936
21.8,0.32117527862208717,0.5689969604863222,0.022289766970618033,0.00729483282674772,0.03363728470111449,0.0204660587639311,0.02613981762917933
21.900000000000002,0.3274569402228977,0.5630192502532928,0.022796352583586626,0.006281661600810536,0.03242147922998987,0.020668693009118545,0.02735562310030395
22.0,0.34060945273631843,0.5617537313432837,0.022388059701492536,0.005223880597014925,0.015982587064676618,0.019651741293532338,0.03439054726368159
22.1,0.33930348258706466,0.5689676616915423,0.01990049751243781,0.005597014925373134,0.013308457711442786,0.01567164179104478,0.03725124378109453
22.200000000000003,0.3362781954887218,0.5715538847117794,0.01754385964912281,0.007518796992481203,0.018546365914786967,0.012531328320802004,0.03602756892230577
22.3,0.343609022556391,0.562907268170426,0.0193609022556391,0.004511278195488722,0.02343358395989975,0.015037593984962405,0.031140350877192982
22.400000000000002,0.3591417910447761,0.5502487562189055,0.016417910447761197,0.004477611940298508,0.025186567164179104,0.01585820895522388,0.02866915422885572
22.5,0.36449004975124377,0.5453358208955225,0.01616915422885572,0.0065298507462686565,0.03084577114427861,0.014925373134328358,0.021703980099502487
22.6,0.36944444444444446,0.5346913580246914,0.02098765432098765,0.01037037037037037,0.026296296296296293,0.0162962962962963,0.02191358024691358
22.700000000000003,0.3664197530864198,0.5339506172839505,0.023148148148148147,0.01728395061728395,0.021728395061728398,0.015555555555555553,0.02191358024691358
22.8,0.35238095238095235,0.5375886524822695,0.02127659574468085,0.01458966565349544,0.04093211752786221,0.01155015197568389,0.021681864235055723
22.9,0.3581560283687943,0.5420972644376899,0.017730496453900707,0.010030395136778116,0.03996960486322188,0.009625126646403241,0.022391084093211753
23.0,0.3680970149253731,0.5531094527363185,0.020522388059701493,0.00870646766169154,0.02108208955223881,0.0046641791044776115,0.023818407960199007
23.1,0.3516169154228856,0.56318407960199,0.026119402985074626,0.009950248756218905,0.018843283582089553,0.006218905472636815,0.02406716417910448
23.200000000000003,0.3517967781908302,0.55,0.03314745972738538,0.008364312267657992,0.019144981412639407,0.008364312267657992,0.029182156133828994
23.3,0.3452912019826518,0.5509293680297397,0.03011152416356877,0.007496902106567534,0.0224907063197026,0.011152416356877323,0.032527881040892194
23.4,0.33855721393034827,0.563495024875622,0.022823383084577115,0.003171641791044776,0.024564676616915422,0.014800995024875621,0.03258706467661692
23.5,0.33450617283950623,0.5719135802469135,0.01882716049382716,0.0,0.023271604938271604,0.015370370370370371,0.03611111111111111
23.6,0.3326543209876543,0.575,0.01604938271604938,0.0,0.02716049382716049,0.011604938271604939,0.037530864197530864
23.700000000000003,0.3315298507462686,0.5763059701492537,0.01990049751243781,0.0024875621890547263,0.029850746268656716,0.007462686567164179,0.032462686567164174
23.8,0.334040404040404,0.5651515151515152,0.030808080808080805,0.0030303030303030303,0.033939393939393936,0.011818181818181818,0.02121212121212121
23.9,0.3297079556898288,0.5732124874118831,0.029204431017119836,0.0030211480362537764,0.030211480362537766,0.015105740181268883,0.019536757301107755
24.0,0.32209876543209875,0.5943827160493826,0.018518518518518517,0.004012345679012345,0.018024691358024692,0.016666666666666666,0.026296296296296293
24.1,0.331549815498155,0.579950799507995,0.024907749077490774,0.006703567035670356,0.015682656826568265,0.017958179581795818,0.023247232472324724
24.200000000000003,0.3429012345679013,0.5698148148148149,0.028641975308641973,0.007901234567901235,0.015308641975308644,0.0162962962962963,0.0191358024691358
24.3,0.35242537313432837,0.5672885572139303,0.01990049751243781,0.007462686567164179,0.019527363184079598,0.013059701492537313,0.02033582089552239
24.400000000000002,0.35690298507462687,0.5634328358208955,0.01585820895522388,0.008582089552238806,0.018656716417910446,0.013432835820895522,0.023134328358208958
24.5,0.35743494423791816,0.5671623296158612,0.01486988847583643,0.006691449814126393,0.0120817843866171,0.01486988847583643,0.02688971499380421
24.6,0.34259259259259267,0.5825308641975309,0.013580246913580247,0.004320987654320987,0.008641975308641974,0.015185185185185184,0.03314814814814815
24.700000000000003,0.33209876543209876,0.600246913580247,0.012345679012345678,0.003703703703703704,0.005679012345679012,0.015555555555555557,0.030370370370370367
24.8,0.34535353535353536,0.5684848484848485,0.023484848484848483,0.00101010101010101,0.017777777777777778,0.01893939393939394,0.024949494949494954
24.900000000000002,0.3490909090909091,0.5463636363636364,0.02772727272727273,0.0,0.026515151515151516,0.01924242424242424,0.03106060606060606
25.0,0.3348765432098766,0.5553086419753086,0.02148148148148148,0.001851851851851852,0.027592592592592592,0.013580246913580247,0.045308641975308636
25.1,0.3365313653136531,0.5384378843788439,0.021156211562115623,0.004674046740467405,0.033210332103321034,0.014452644526445265,0.051537515375153754
25.200000000000003,0.3340686274509804,0.5479166666666666,0.022058823529411766,0.003676470588235294,0.029105392156862742,0.013235294117647059,0.049938725490196074
25.3,0.32316176470588237,0.5768995098039216,0.021323529411764706,0.0014705882352941176,0.017769607843137254,0.012499999999999999,0.046875
25.400000000000002,0.3191789215686275,0.5916666666666667,0.017401960784313726,0.0,0.012254901960784314,0.014950980392156862,0.04454656862745098
25.5,0.3074817518248175,0.6037712895377129,0.0121654501216545,0.0014598540145985403,0.009732360097323601,0.02037712895377129,0.045012165450121655
25.6,0.2948296836982968,0.6128953771289538,0.015145985401459856,0.0029197080291970805,0.007664233576642336,0.025547445255474453,0.04099756690997566
25.700000000000003,0.2877737226277372,0.6175790754257907,0.01903892944038929,0.0036496350364963502,0.00851581508515815,0.023722627737226276,0.039720194647201945
25.8,0.3054726368159204,0.6025870646766169,0.01711442786069652,0.0029850746268656717,0.023681592039800997,0.01572139303482587,0.032437810945273635
25.900000000000002,0.30587064676616915,0.6056218905472637,0.014925373134328358,0.003582089552238806,0.027213930348258707,0.01208955223880597,0.030696517412935324
26.0,0.29422141119221407,0.6212895377128954,0.014598540145985401,0.007116788321167883,0.01551094890510949,0.012773722627737226,0.034489051094890505
26.1,0.29933090024330905,0.6049878345498784,0.014598540145985401,0.007664233576642336,0.01654501216545012,0.017639902676399026,0.03923357664233577
26.200000000000003,0.2858974358974359,0.5985347985347984,0.014652014652014652,0.00927960927960928,0.021001221001221,0.023687423687423687,0.04694749694749695
26.3,0.2847272727272727,0.5954545454545455,0.016363636363636365,0.012363636363636363,0.019090909090909092,0.021454545454545455,0.05054545454545454
26.400000000000002,0.28743961352657005,0.5929951690821257,0.018115942028985508,0.015217391304347827,0.016908212560386472,0.020531400966183572,0.048792270531400964
26.5,0.2858787878787879,0.5893333333333333,0.01818181818181818,0.012363636363636365,0.02303030303030303,0.021333333333333336,0.04987878787878788
26.6,0.288189448441247,0.5904676258992806,0.01618705035971223,0.0035971223021582736,0.03213429256594724,0.02158273381294964,0.04784172661870504
26.700000000000003,0.2953237410071942,0.5944244604316546,0.014388489208633094,0.0,0.03597122302158273,0.01870503597122302,0.04118705035971223
26.8,0.30186274509803923,0.6007843137254901,0.01642156862745098,0.000980392156862745,0.03686274509803922,0.015441176470588236,0.027647058823529413
26.900000000000002,0.29754901960784313,0.6070098039215686,0.01911764705882353,0.0034313725490196074,0.029901960784313723,0.013970588235294118,0.029019607843137257
27.0,0.29061371841155237,0.6119735258724428,0.021901323706377856,0.004512635379061372,0.015643802647412754,0.013537906137184115,0.041817087845968715
27.1,0.29061371841155237,0.6191335740072202,0.014259927797833935,0.004512635379061372,0.009927797833935019,0.01444043321299639,0.04711191335740072
27.200000000000003,0.3011432009626956,0.6245487364620939,0.008122743682310469,0.00631768953068592,0.00631768953068592,0.012936221419975934,0.040613718411552355
27.3,0.30980746089049344,0.6233453670276775,0.00842358604091456,0.008664259927797834,0.006979542719614921,0.014199759326113118,0.028580024067388687
27.400000000000002,0.31321212121212116,0.6165454545454546,0.01,0.01109090909090909,0.009393939393939394,0.013696969696969697,0.02606060606060606
27.5,0.31419082125603864,0.6093599033816426,0.010869565217391304,0.012379227053140096,0.015036231884057972,0.012318840579710144,0.025845410628019323
27.6,0.32182254196642684,0.5900479616306954,0.008393285371702636,0.013189448441247004,0.018465227817745802,0.012709832134292566,0.03537170263788968
27.700000000000003,0.32458033573141487,0.5763189448441247,0.010491606714628296,0.015287769784172662,0.01858513189448441,0.014928057553956835,0.03980815347721822
27.8,0.3297165200391007,0.5728250244379278,0.017595307917888565,0.013098729227761487,0.02434017595307918,0.013685239491691103,0.02873900293255132
27.900000000000002,0.3290322580645161,0.5856793743890518,0.019550342130987292,0.008406647116324537,0.022482893450635383,0.011730205278592375,0.023118279569892472
28.0,0.33303571428571427,0.5955952380952382,0.01607142857142857,0.007142857142857143,0.012797619047619047,0.011428571428571429,0.023928571428571428
28.1,0.33988095238095234,0.5892261904761904,0.017857142857142856,0.005178571428571428,0.013035714285714286,0.013571428571428571,0.02125
28.200000000000003,0.34291666666666665,0.575,0.019047619047619046,0.0047619047619047615,0.014880952380952378,0.01619047619047619,0.02720238095238095
28.3,0.32811750599520384,0.5841726618705035,0.022781774580335732,0.0035971223021582736,0.015107913669064749,0.017266187050359712,0.028956834532374104
28.400000000000002,0.32375000000000004,0.5951190476190475,0.025892857142857145,0.0035714285714285713,0.010476190476190476,0.015000000000000001,0.02619047619047619
28.5,0.32428571428571434,0.596309523809524,0.027380952380952384,0.004642857142857143,0.007142857142857143,0.014523809523809522,0.025714285714285714
28.6,0.32047619047619047,0.6010119047619047,0.027678571428571427,0.0025,0.005714285714285714,0.01607142857142857,0.026547619047619046
28.700000000000003,0.3164880952380953,0.6054761904761905,0.02857142857142857,0.0017857142857142857,0.005952380952380952,0.016666666666666663,0.02505952380952381
28.8,0.3076589595375723,0.6089113680154142,0.029624277456647398,0.0036127167630057803,0.013969171483622353,0.015173410404624277,0.02105009633911368
28.900000000000002,0.3048651252408478,0.6096339113680155,0.030828516377649325,0.0050578034682080926,0.013246628131021194,0.012524084778420038,0.02384393063583815
29.0,0.3140845070422536,0.6012323943661971,0.030927230046948355,0.00892018779342723,0.009389671361502348,0.005868544600938967,0.029577464788732397
29.1,0.32206572769953046,0.5916666666666667,0.03568075117370892,0.009859154929577464,0.005164319248826292,0.0017605633802816902,0.033802816901408454
29.200000000000003,0.32535211267605635,0.5913732394366197,0.034037558685446015,0.0035211267605633804,0.003814553990610328,0.003286384976525822,0.038615023474178396
29.3,0.3336854460093897,0.5875,0.02464788732394366,0.0017605633802816902,0.0064553990610328625,0.01056338028169014,0.035387323943661966
29.400000000000002,0.34004629629629624,0.5840277777777777,0.020833333333333332,0.0026041666666666665,0.011284722222222222,0.012326388888888888,0.028877314814814814
29.5,0.3292387543252595,0.596078431372549,0.020761245674740483,0.0011534025374855825,0.010668973471741639,0.01580161476355248,0.02629757785467128
29.6,0.32381776239907734,0.6054209919261823,0.01643598615916955,0.0,0.010380622837370242,0.01643598615916955,0.027508650519031144
29.700000000000003,0.32566320645905417,0.6010957324106113,0.012975778546712802,0.0,0.012110726643598616,0.018742791234140712,0.029411764705882353
29.8,0.33055555555555555,0.5883239171374764,0.01647834274952919,0.0,0.015536723163841809,0.024105461393596987,0.024999999999999998
29.900000000000002,0.3352165725047081,0.5835687382297553,0.017890772128060266,0.0009416195856873823,0.014124293785310734,0.022834274952919016,0.025423728813559324
30.0,0.3381199538638985,0.5904844290657439,0.017877739331026526,0.0017301038062283738,0.007208765859284891,0.015570934256055362,0.0290080738177624
30.1,0.34797453703703707,0.5850115740740741,0.01880787037037037,0.0011574074074074073,0.006076388888888889,0.013888888888888888,0.027083333333333334
30.200000000000003,0.3542675893886966,0.5797001153402538,0.01903114186851211,0.0,0.010092272202998846,0.010841983852364475,0.026066897347174163
30.3,0.3438505747126437,0.584367816091954,0.017528735632183906,0.0,0.019770114942528734,0.009137931034482759,0.025344827586206896
30.400000000000002,0.3390804597701149,0.5858620689655173,0.013793103448275862,0.0,0.024310344827586206,0.011896551724137932,0.025057471264367814
30.5,0.33058419243986253,0.586483390607102,0.012027491408934709,0.0,0.021649484536082474,0.021363115693012597,0.02789232531500573
30.6,0.31689576174112255,0.5922680412371135,0.01374570446735395,0.0,0.021420389461626575,0.024054982817869417,0.03161512027491409
30.700000000000003,0.3107876712328767,0.6003424657534246,0.014554794520547944,0.0,0.023687214611872145,0.021974885844748857,0.028652968036529683
30.8,0.311577964519141,0.604248366013072,0.014705882352941176,0.0009337068160597572,0.03221288515406162,0.018907563025210083,0.017413632119514473
30.900000000000002,0.30985915492957744,0.6060093896713615,0.014084507042253521,0.002112676056338028,0.03676056338028169,0.014976525821596243,0.01619718309859155
31.0,0.30149425287356324,0.615919540229885,0.011206896551724138,0.0034482758620689655,0.03477011494252873,0.011264367816091954,0.02189655172413793
31.1,0.3032758620689655,0.6124712643678161,0.015517241379310345,0.004137931034482759,0.02247126436781609,0.01264367816091954,0.029482758620689657
31.200000000000003,0.2920415224913495,0.6161476355247981,0.02433679354094579,0.005997693194925029,0.013321799307958479,0.01459054209919262,0.03356401384083045
31.3,0.28886966551326415,0.6111303344867358,0.027104959630911186,0.008189158016147634,0.01522491349480969,0.014071510957324106,0.035409457900807385
31.400000000000002,0.30103806228373703,0.6001730103806229,0.029988465974625143,0.006055363321799308,0.016724336793540944,0.010380622837370242,0.0356401384083045
31.5,0.30317185697808535,0.6042675893886967,0.03460207612456748,0.005190311418685121,0.01643598615916955,0.010380622837370242,0.025951557093425604
31.6,0.3048780487804878,0.6090592334494773,0.03286875725900116,0.006097560975609756,0.01678281068524971,0.010452961672473868,0.01986062717770035
31.700000000000003,0.3224157955865273,0.5860046457607433,0.026016260162601626,0.010685249709639954,0.01939605110336818,0.010452961672473868,0.02502903600464576
31.8,0.32796771130104463,0.5729819563152897,0.018518518518518517,0.011965811965811967,0.02801519468186135,0.011396011396011397,0.029154795821462492
31.900000000000002,0.34164292497625826,0.5604463437796771,0.015194681861348527,0.011111111111111112,0.02849002849002849,0.009971509971509971,0.033143399810066476
32.0,0.35929824561403506,0.5588888888888889,0.015204678362573098,0.01216374269005848,0.01695906432748538,0.00631578947368421,0.03116959064327485
32.1,0.3628070175438597,0.568187134502924,0.014035087719298246,0.011403508771929825,0.014327485380116958,0.0043859649122807015,0.024853801169590642
32.2,0.359766081871345,0.5757309941520468,0.011403508771929825,0.014327485380116958,0.01111111111111111,0.0035087719298245615,0.02415204678362573
32.3,0.359766081871345,0.5708187134502924,0.015204678362573098,0.014035087719298246,0.012631578947368419,0.0035087719298245615,0.024035087719298246
32.400000000000006,0.35264084507042254,0.5702464788732395,0.017605633802816902,0.012852112676056338,0.01754694835680751,0.004225352112676056,0.02488262910798122
32.5,0.34242957746478875,0.5801056338028169,0.014964788732394365,0.012617370892018778,0.019953051643192485,0.006161971830985915,0.023767605633802816
32.6,0.3513002364066194,0.5749408983451536,0.014184397163120567,0.009456264775413711,0.01773049645390071,0.00921985815602837,0.023167848699763592
32.7,0.3546594982078853,0.5744324970131421,0.016129032258064516,0.011589008363201913,0.010872162485065711,0.01123058542413381,0.02108721624850657
32.8,0.34304347826086956,0.5896618357487923,0.015700483091787436,0.011062801932367151,0.013719806763285025,0.011449275362318842,0.01536231884057971
32.900000000000006,0.3356589147286822,0.5931686046511627,0.014534883720930232,0.011821705426356589,0.01560077519379845,0.012936046511627905,0.016279069767441864
33.0,0.3335722819593787,0.5863201911589008,0.016726403823178016,0.015770609318996417,0.01296296296296296,0.014575866188769413,0.02007168458781362
33.1,0.3300477897252091,0.5841099163679809,0.02060931899641577,0.013859020310633212,0.015292712066905618,0.013620071684587813,0.022461170848267622
33.2,0.3156511350059737,0.5972520908004779,0.01821983273596177,0.012903225806451613,0.02007168458781362,0.010752688172043012,0.025149342891278372
33.3,0.314336917562724,0.6036439665471923,0.012544802867383513,0.012903225806451613,0.022939068100358423,0.009557945041816009,0.024074074074074074
33.400000000000006,0.3103117505995204,0.6062350119904075,0.01079136690647482,0.010971223021582733,0.027098321342925658,0.011091127098321343,0.023501199040767386
33.5,0.30755395683453235,0.6068345323741008,0.01079136690647482,0.012290167865707434,0.02877697841726619,0.01588729016786571,0.017865707434052757
33.6,0.3107314148681055,0.6123501199040768,0.011690647482014389,0.007194244604316547,0.02577937649880096,0.0170863309352518,0.01516786570743405
33.7,0.31284348864994027,0.6188172043010753,0.013142174432497013,0.002150537634408602,0.02389486260454002,0.015531660692951015,0.013620071684587813
33.8,0.32318840579710145,0.6129468599033816,0.011594202898550723,0.001932367149758454,0.02115942028985507,0.014492753623188406,0.014685990338164251
33.900000000000006,0.32378875968992243,0.6097868217054264,0.011627906976744186,0.0048449612403100775,0.017926356589147284,0.014534883720930232,0.01749031007751938
34.0,0.3150966183574879,0.602536231884058,0.014492753623188406,0.013888888888888888,0.016606280193236712,0.014794685990338164,0.022584541062801933
34.1,0.3018719806763285,0.6059782608695651,0.00966183574879227,0.014975845410628017,0.017632850241545893,0.015217391304347827,0.034661835748792266
34.2,0.29873646209386284,0.6091456077015643,0.007220216606498195,0.00631768953068592,0.028158844765342958,0.013237063778580024,0.037184115523465705
34.3,0.2989771359807461,0.6119735258724428,0.008122743682310469,0.0030084235860409142,0.036762936221419976,0.009927797833935019,0.031227436823104693
34.400000000000006,0.29253910950661854,0.6229843561973526,0.011732851985559567,0.004512635379061372,0.03766546329723225,0.00842358604091456,0.022141997593261128
34.5,0.28614097968936675,0.6289725209080047,0.015531660692951015,0.004181600955794504,0.038351254480286735,0.01194743130227001,0.014874551971326167
34.6,0.284647550776583,0.6278972520908005,0.01881720430107527,0.005017921146953405,0.03351254480286738,0.016726403823178016,0.013381123058542412
34.7,0.2826762246117085,0.6235364396654718,0.02389486260454002,0.007765830346475508,0.026881720430107527,0.017921146953405017,0.01732377538829152
34.8,0.2860869565217391,0.6356521739130435,0.01642512077294686,0.004830917874396135,0.02753623188405797,0.012560386473429951,0.016908212560386472
34.900000000000006,0.2809178743961353,0.6404347826086957,0.014492753623188406,0.0011594202898550724,0.028985507246376812,0.013043478260869565,0.020966183574879227
35.0,0.2705495818399044,0.6409199522102748,0.017025089605734768,0.0017921146953405018,0.02001194743130227,0.017144563918757467,0.03255675029868578
35.1,0.2705952380952381,0.6320238095238095,0.016666666666666663,0.005952380952380952,0.013095238095238094,0.02892857142857143,0.03273809523809523
35.2,0.27547619047619043,0.6189285714285715,0.012797619047619047,0.014345238095238095,0.013392857142857142,0.03482142857142857,0.030238095238095238
35.3,0.26922619047619045,0.627559523809524,0.010714285714285714,0.01875,0.014285714285714285,0.03053571428571428,0.02892857142857143
35.400000000000006,0.26345238095238094,0.6510714285714286,0.008928571428571428,0.014285714285714285,0.014285714285714285,0.02261904761904762,0.025357142857142856
35.5,0.26333333333333336,0.6628571428571428,0.007142857142857143,0.010952380952380951,0.015476190476190475,0.017857142857142856,0.022380952380952376
35.6,0.2707434052757794,0.6501199040767385,0.007194244604316546,0.012470023980815348,0.017985611510791366,0.016786570743405275,0.024700239808153477
35.7,0.2705952380952381,0.6502380952380952,0.009821428571428571,0.013928571428571429,0.013095238095238096,0.015178571428571428,0.027142857142857142
35.8,0.27922705314009666,0.6442512077294686,0.012077294685990336,0.010144927536231883,0.015507246376811593,0.015942028985507246,0.02285024154589372
35.900000000000006,0.2823158914728682,0.6402616279069767,0.011627906976744186,0.008527131782945736,0.019282945736434107,0.01647286821705426,0.021511627906976742
36.0,0.2704761904761905,0.6439880952380953,0.010714285714285714,0.012380952380952381,0.02023809523809524,0.014285714285714285,0.027916666666666666
36.1,0.2729761904761905,0.6470833333333332,0.009821428571428571,0.007261904761904761,0.02142857142857143,0.015595238095238094,0.025833333333333333
36.2,0.2628297362110312,0.6513189448441247,0.005995203836930455,0.007194244604316547,0.026498800959232616,0.01894484412470024,0.027218225419664267
36.3,0.2536101083032491,0.6481347773766546,0.0036101083032490976,0.007220216606498195,0.03267148014440433,0.017208182912154032,0.03754512635379061
36.400000000000006,0.24873646209386283,0.6451263537906137,0.004512635379061372,0.007220216606498195,0.03375451263537906,0.01588447653429603,0.044765342960288806
36.5,0.24692028985507244,0.6471014492753624,0.006038647342995168,0.00573671497584541,0.02989130434782608,0.018297101449275363,0.046014492753623196
36.6,0.25276774969915766,0.6509025270758123,0.009626955475330925,0.005114320096269554,0.02256317689530686,0.02075812274368231,0.03826714801444043
36.7,0.2624253285543608,0.6431302270011947,0.012544802867383513,0.004480286738351254,0.02180406212664277,0.019295101553166067,0.03632019115890083
36.8,0.2814547206165703,0.6228323699421965,0.014450867052023121,0.002167630057803468,0.024759152215799614,0.02167630057803468,0.03265895953757226
36.900000000000006,0.2885356454720616,0.6177745664739884,0.014450867052023121,0.000722543352601156,0.022880539499036606,0.022832369942196534,0.03280346820809249
37.0,0.2830943847072879,0.6262843488649941,0.014336917562724014,0.0,0.017383512544802866,0.024372759856630823,0.034528076463560334
37.1,0.2899044205495819,0.6194743130227002,0.015531660692951017,0.0007168458781362007,0.019414575866188766,0.02389486260454002,0.03106332138590203
37.2,0.2820143884892086,0.6299760191846523,0.019484412470023978,0.002158273381294964,0.018764988009592327,0.018465227817745802,0.029136690647482012
37.3,0.2720818291215403,0.6385679903730445,0.021660649819494584,0.0014440433212996391,0.01684717208182912,0.015342960288808664,0.034055354993983156
37.400000000000006,0.2691335740072202,0.6462093862815884,0.021660649819494584,0.0,0.01131167268351384,0.013237063778580024,0.038447653429602886
37.5,0.2738526570048309,0.6437198067632851,0.022041062801932364,0.0,0.007487922705314009,0.013285024154589372,0.0396135265700483
37.6,0.286101083032491,0.6379663056558363,0.01895306859205776,0.0012033694344163657,0.00631768953068592,0.016245487364620937,0.0332129963898917
37.7,0.2925059952038369,0.6257194244604316,0.01738609112709832,0.0017985611510791368,0.014328537170263788,0.013968824940047959,0.034292565947242205
37.8,0.3025936599423631,0.6148414985590777,0.02377521613832853,0.001440922190201729,0.012055715658021134,0.013640730067243038,0.03165225744476465
37.900000000000006,0.30632183908045973,0.6131226053639847,0.02514367816091954,0.0028735632183908046,0.008381226053639846,0.011494252873563218,0.03266283524904215
38.0,0.29743130227001197,0.6129032258064516,0.017622461170848265,0.007168458781362007,0.012544802867383513,0.007885304659498209,0.044444444444444446
38.1,0.3002997601918465,0.6069544364508394,0.012589928057553957,0.007194244604316547,0.02068345323741007,0.011690647482014389,0.04058752997601919
38.2,0.3065347721822542,0.6051558752997602,0.008992805755395683,0.006294964028776978,0.026678657074340525,0.010971223021582733,0.03537170263788968
38.3,0.31217026378896884,0.6100119904076738,0.010551558752997603,0.0035971223021582736,0.026438848920863307,0.009592326139088728,0.0276378896882494
38.400000000000006,0.3146882494004796,0.6103717026378898,0.015587529976019183,0.0,0.027338129496402876,0.01223021582733813,0.019784172661870502
38.5,0.31252997601918464,0.607673860911271,0.016786570743405272,0.0,0.02985611510791367,0.013489208633093525,0.019664268585131896
38.6,0.30469314079422377,0.6155234657039711,0.015403128760529482,0.0,0.02677496991576414,0.013838748495788207,0.023766546329723227
38.7,0.30587529976019184,0.6051558752997602,0.009592326139088728,0.002398081534772182,0.02877697841726619,0.017985611510791366,0.030215827338129497
38.8,0.32588856868395777,0.5883285302593659,0.016090297790585975,0.001440922190201729,0.024495677233429394,0.02214217098943324,0.021613832853025938
38.900000000000006,0.32931034482758625,0.5789750957854406,0.0210727969348659,0.0019157088122605363,0.023659003831417627,0.020881226053639845,0.02418582375478927
39.0,0.31453143534994066,0.5755041518386713,0.020166073546856463,0.013048635824436536,0.029062870699881373,0.012336892052194544,0.03534994068801897
39.1,0.31156583629893236,0.5810794780545671,0.01631079478054567,0.017437722419928827,0.026334519572953737,0.011862396204033213,0.035409252669039146
39.2,0.31997635933806146,0.5841016548463356,0.01152482269503546,0.015366430260047283,0.026891252955082743,0.01359338061465721,0.028546099290780145
39.3,0.32890070921985815,0.5871158392434987,0.010638297872340425,0.005437352245862883,0.028191489361702127,0.01442080378250591,0.02529550827423168
39.400000000000006,0.32836879432624116,0.5950945626477542,0.008274231678486997,0.0008865248226950354,0.02541371158392435,0.013888888888888886,0.028073286052009455
39.5,0.331435349940688,0.5905100830367733,0.008896797153024912,0.004863582443653618,0.017556346381969155,0.016785290628706998,0.029952550415183864
39.6,0.3250296559905101,0.590332147093713,0.011862396204033213,0.010142348754448399,0.013997627520759193,0.018090154211150653,0.030545670225385523
39.7,0.3305064782096584,0.5759128386336867,0.011778563015312132,0.012073027090694936,0.014487632508833921,0.021790341578327443,0.03345111896348645
39.8,0.3490978157644824,0.5708452041785376,0.009971509971509971,0.008547008547008548,0.006837606837606838,0.0245014245014245,0.030199430199430197
39.900000000000006,0.3459047619047619,0.578,0.007619047619047619,0.004571428571428572,0.005714285714285714,0.022714285714285715,0.035476190476190474
40.0,0.32891637220259123,0.5924617196702003,0.004711425206124852,0.004004711425206125,0.007950530035335688,0.0143698468786808,0.04758539458186102
40.1,0.33074204946996466,0.5811542991755007,0.007597173144876325,0.006183745583038869,0.009893992932862191,0.014134275618374558,0.05029446407538281
40.2,0.3425531914893617,0.5609929078014185,0.009929078014184396,0.007801418439716313,0.011347517730496453,0.019858156028368792,0.0475177304964539
40.3,0.34383155397390275,0.5550415183867141,0.009786476868327402,0.010972716488730723,0.014234875444839857,0.02087781731909846,0.04525504151838671
40.400000000000006,0.3426453143534994,0.5496441281138791,0.012336892052194544,0.012336892052194544,0.013463819691577698,0.021648873072360617,0.04792408066429419
40.5,0.3528368794326241,0.5531914893617021,0.01046099290780142,0.006737588652482269,0.010106382978723405,0.020390070921985817,0.046276595744680855
40.6,0.365307328605201,0.5541962174940899,0.008274231678486997,0.0026595744680851063,0.0073286052009456275,0.018617021276595744,0.043617021276595745
40.7,0.36784869976359336,0.5559692671394799,0.0070921985815602835,0.0014184397163120568,0.008983451536643025,0.016548463356973995,0.04213947990543735
40.8,0.375403608736942,0.5550807217473884,0.00949667616334283,0.0017094017094017094,0.008831908831908833,0.017806267806267807,0.03167141500474834
40.900000000000006,0.37886989553656214,0.5548907882241216,0.008784425451092119,0.002849002849002849,0.0075973409306742635,0.017094017094017096,0.029914529914529916
41.0,0.3749707602339182,0.5531578947368421,0.007602339181286549,0.0035087719298245615,0.00935672514619883,0.012280701754385965,0.03912280701754386
41.1,0.3841491841491842,0.547027972027972,0.006701631701631701,0.003962703962703962,0.010198135198135198,0.009615384615384616,0.03834498834498835
41.2,0.38298368298368296,0.5526223776223776,0.006993006993006993,0.004195804195804196,0.011888111888111888,0.008158508158508158,0.033158508158508154
41.3,0.3666666666666667,0.5648083623693378,0.0078397212543554,0.005226480836236934,0.017015098722415793,0.009291521486643438,0.029152148664343788
41.400000000000006,0.36312427409988385,0.5663763066202091,0.009291521486643438,0.005807200929152148,0.01707317073170732,0.0078397212543554,0.03048780487804878
41.5,0.370150987224158,0.5679442508710801,0.010452961672473868,0.0011614401858304297,0.013937282229965157,0.005807200929152148,0.030545876887340298
41.6,0.3553633217993079,0.5750865051903113,0.00865051903114187,0.002306805074971165,0.015859284890426758,0.007497116493656286,0.035236447520184545
