,run,cast,stop,hunch,backup,roll,small_actions
14.8,0.6968024900962082,0.23217317487266553,0.009762308998302207,0.003961516694963214,0.012308998302207129,0.00466893039049236,0.04032258064516129
14.9,0.7046610169491525,0.2228813559322034,0.01059322033898305,0.005084745762711864,0.010451977401129943,0.005084745762711864,0.04124293785310735
15.0,0.7000565930956424,0.22722127900396152,0.008488964346349746,0.005093378607809847,0.014148273910582907,0.006791171477079796,0.038200339558573854
15.100000000000001,0.6940192743764173,0.2303004535147392,0.008928571428571428,0.008219954648526076,0.015589569160997732,0.006802721088435374,0.036139455782312924
15.200000000000001,0.6872866894197952,0.23293515358361774,0.009243458475540386,0.010807736063708759,0.01564277588168373,0.008532423208191127,0.03555176336746303
15.3,0.6772441395082905,0.2429959977129789,0.008576329331046312,0.011435105774728416,0.01486563750714694,0.008576329331046312,0.03630646083476272
15.4,0.6729559748427674,0.2501429388221841,0.006432246998284734,0.008576329331046312,0.01515151515151515,0.009433962264150943,0.037307032590051456
15.5,0.6738258877434135,0.25672966781214207,0.005154639175257732,0.006872852233676976,0.01331615120274914,0.010309278350515464,0.03379152348224514
15.600000000000001,0.6746849942726232,0.25830469644902637,0.006300114547537228,0.005154639175257732,0.011454753722794959,0.009450171821305841,0.034650630011454756
15.700000000000001,0.6708333333333334,0.2541666666666667,0.006896551724137931,0.007183908045977012,0.014367816091954021,0.009770114942528734,0.036781609195402305
15.8,0.6735042735042736,0.24757834757834765,0.005698005698005697,0.009116809116809116,0.018803418803418803,0.010256410256410256,0.03504273504273504
15.9,0.678813559322034,0.24124293785310735,0.005932203389830509,0.010169491525423728,0.022033898305084745,0.010169491525423728,0.031638418079096044
16.0,0.6815223542727786,0.24052065647990944,0.006791171477079796,0.008771929824561403,0.02150537634408602,0.010186757215619695,0.030701754385964918
16.1,0.6857549857549858,0.24358974358974358,0.005128205128205128,0.005413105413105413,0.021082621082621083,0.010256410256410256,0.02877492877492878
16.2,0.6844215349369988,0.24670675830469646,0.002577319587628866,0.0028636884306987398,0.019043528064146623,0.012027491408934709,0.03235967926689576
16.3,0.6763865065751858,0.25157232704402516,0.004288164665523156,0.005574614065180103,0.018010291595197257,0.012006861063464836,0.03216123499142367
16.400000000000002,0.6683819325328759,0.25071469411092057,0.005717552887364208,0.009433962264150943,0.017438536306460833,0.012006861063464836,0.036306460834762716
16.5,0.6665237278444827,0.2510005717552887,0.007575757575757575,0.008719268153230417,0.014150943396226415,0.012006861063464836,0.040022870211549454
16.6,0.6688034188034188,0.251994301994302,0.007692307692307693,0.0074074074074074086,0.01452991452991453,0.011965811965811967,0.037606837606837605
16.7,0.672945205479452,0.25913242009132414,0.007134703196347031,0.0045662100456621,0.013413242009132421,0.011986301369863013,0.030821917808219176
16.8,0.6781854379977246,0.25639931740614336,0.005972696245733789,0.004408418657565414,0.013509670079635949,0.011945392491467578,0.029579067121729242
16.900000000000002,0.6768534238822864,0.2514148273910583,0.005376344086021505,0.005093378607809847,0.014714204867006224,0.011035653650254669,0.0355121675155631
17.0,0.6740237691001698,0.2529711375212224,0.0048104131295981884,0.0050933786078098476,0.014997170345217881,0.010186757215619695,0.0379173740803622
17.1,0.6675170068027211,0.25609410430839,0.00510204081632653,0.006944444444444444,0.016298185941043083,0.01020408163265306,0.03784013605442177
17.200000000000003,0.6645408163265306,0.25892857142857145,0.00510204081632653,0.00977891156462585,0.017148526077097503,0.01020408163265306,0.03429705215419501
17.3,0.6532992036405005,0.257679180887372,0.005119453924914676,0.013367463026166097,0.023890784982935155,0.011945392491467578,0.03469852104664391
17.400000000000002,0.6506246450880181,0.25312322544009086,0.005110732538330494,0.014054514480408859,0.026263486655309486,0.011499148211243612,0.039324247586598526
17.5,0.6590136054421769,0.2508503401360544,0.00510204081632653,0.012188208616780044,0.02395124716553288,0.010770975056689341,0.03812358276643991
17.6,0.658703071672355,0.25597269624573377,0.006257110352673493,0.0076791808873720125,0.020762229806598406,0.009670079635949942,0.040955631399317405
17.700000000000003,0.6612442922374429,0.2636986301369863,0.005565068493150685,0.00442351598173516,0.014982876712328766,0.008561643835616438,0.041523972602739725
17.8,0.6660949113779302,0.26343624928530585,0.004859919954259577,0.005860491709548312,0.013007432818753573,0.008576329331046312,0.03816466552315609
17.900000000000002,0.6592082616179001,0.2670682730923695,0.004589787722317842,0.009753298909925415,0.012621916236374067,0.008605851979345954,0.038152610441767064
18.0,0.6603009259259259,0.26851851851851855,0.005208333333333333,0.008969907407407406,0.01273148148148148,0.008680555555555556,0.035590277777777776
18.1,0.6633734249713631,0.2661798396334479,0.0034364261168384875,0.006013745704467354,0.016752577319587625,0.00859106529209622,0.03565292096219931
18.200000000000003,0.6711206896551725,0.2614942528735632,0.003017241379310345,0.0047413793103448275,0.01882183908045977,0.008620689655172414,0.032183908045977004
18.3,0.6755900978698905,0.2586355785837651,0.0034542314335060447,0.008491652274035692,0.016983304548071388,0.008635578583765112,0.02820955670696603
18.400000000000002,0.674898902368573,0.2564991334488735,0.002888503755054881,0.011554015020219525,0.017186597342576545,0.008665511265164644,0.028307336799537845
18.5,0.6704282407407407,0.2546296296296296,0.001736111111111111,0.012152777777777778,0.019675925925925923,0.008680555555555556,0.03269675925925926
18.6,0.6702586206896551,0.2495689655172414,0.0034482758620689655,0.015229885057471262,0.016666666666666666,0.008620689655172414,0.03620689655172414
18.700000000000003,0.67039586919105,0.24856569133677567,0.0048766494549627075,0.014199655765920827,0.014773379231210554,0.008605851979345954,0.03858290304073436
18.8,0.66335636154289,0.2504317789291883,0.0069084628670120895,0.011514104778353483,0.012953367875647668,0.007772020725388601,0.04706390328151986
18.900000000000002,0.6649395509499136,0.25129533678756477,0.0051813471502590676,0.011226252158894647,0.01065054691997697,0.0069084628670120895,0.04979850316637882
19.0,0.674074074074074,0.24287749287749288,0.003418803418803419,0.015099715099715097,0.009971509971509971,0.006837606837606838,0.04772079772079772
19.1,0.6742165242165242,0.23703703703703702,0.005413105413105413,0.017663817663817662,0.010826210826210826,0.006837606837606838,0.04800569800569801
19.200000000000003,0.6675184554230551,0.24275979557069846,0.0068143100511073255,0.01675184554230551,0.010505394662123793,0.0068143100511073255,0.0488358886996025
19.3,0.6768534238822863,0.23684210526315788,0.007640067911714771,0.014997170345217881,0.012733446519524618,0.006791171477079796,0.044142614601018676
19.400000000000002,0.6830508474576271,0.2312146892655367,0.007627118644067797,0.01596045197740113,0.014124293785310733,0.006779661016949152,0.04124293785310734
19.5,0.6809322033898305,0.22966101694915253,0.007768361581920905,0.018785310734463274,0.015395480225988698,0.005932203389830509,0.04152542372881356
19.6,0.6796171171171171,0.22240990990990994,0.008445945945945946,0.016047297297297296,0.01801801801801802,0.006193693693693694,0.049268018018018014
19.700000000000003,0.6802979201798763,0.2182405845980888,0.00927487352445194,0.01433389544688027,0.01981450252951096,0.006745362563237774,0.0512928611579539
19.8,0.6844837261503929,0.21941638608305272,0.010101010101010102,0.01318742985409652,0.01627384960718294,0.006734006734006734,0.04980359147025814
19.900000000000002,0.6826599326599326,0.22278338945005613,0.008698092031425363,0.01122334455667789,0.01430976430976431,0.006734006734006734,0.053591470258136924
20.0,0.6778336125069794,0.22766610831937464,0.00530429927414852,0.011306532663316583,0.018844221105527637,0.007537688442211055,0.051507537688442205
20.1,0.6728084868788388,0.2296482412060302,0.0033500837520938024,0.009212730318257957,0.019262981574539362,0.008375209380234505,0.057342266890005586
20.200000000000003,0.6734279354479689,0.22810239287701725,0.0037562604340567614,0.008347245409015025,0.01905954368391764,0.008347245409015025,0.05895937673900945
20.3,0.6695736434108527,0.23103543743078628,0.004429678848283499,0.009966777408637873,0.019933554817275746,0.008305647840531562,0.056755260243632345
20.400000000000002,0.66625138427464,0.23408084163898116,0.005537098560354375,0.007751937984496123,0.02187153931339978,0.008305647840531562,0.05620155038759689
20.5,0.6620985603543743,0.23961794019933555,0.005398671096345515,0.01079734219269103,0.02297895902547065,0.007475083056478406,0.05163344407530454
20.6,0.660823594880356,0.2378964941569282,0.006121313299944351,0.012799109627156371,0.021981079577072897,0.00667779632721202,0.053700612131330004
20.700000000000003,0.6683361157484696,0.2345575959933222,0.006399554813578186,0.015025041736227046,0.02058987200890373,0.00667779632721202,0.048414023372287146
20.8,0.6771181716833891,0.23313823857302116,0.005016722408026756,0.012681159420289854,0.022993311036789296,0.005852842809364548,0.04319955406911929
20.900000000000002,0.6742170022371364,0.24119127516778524,0.0047539149888143175,0.014261744966442953,0.023769574944071586,0.0050335570469798654,0.03677293064876957
21.0,0.6686208821887214,0.245393634840871,0.003908431044109435,0.014377442769402567,0.026661083193746514,0.005025125628140704,0.036013400335008376
21.1,0.6619207146845337,0.24706867671691793,0.0033500837520938024,0.01619207146845338,0.02680067001675042,0.005025125628140704,0.039642657733109994
21.200000000000003,0.6585570469798657,0.25111856823266215,0.0039149888143176735,0.017897091722595078,0.02572706935123042,0.0044742729306487695,0.03831096196868009
21.3,0.6594754653130287,0.24689791314156795,0.004653130287648054,0.01734348561759729,0.028341793570219966,0.0038071065989847717,0.03948110547095319
21.400000000000002,0.6663827370812038,0.24162407722884727,0.006246450880181715,0.015048268029528678,0.028960817717206135,0.0034071550255536627,0.03833049403747871
21.5,0.6780238500851788,0.2386428165814878,0.004258943781942078,0.014906303236797274,0.026547416240772285,0.0034071550255536627,0.03421351504826803
21.6,0.6846655328798187,0.24107142857142858,0.003826530612244898,0.013463718820861677,0.023809523809523808,0.003401360544217687,0.02976190476190476
21.700000000000003,0.6802030456852792,0.24421883812746759,0.004512126339537507,0.011280315848843767,0.02284263959390863,0.003948110547095318,0.03299492385786802
21.8,0.6683501683501684,0.24719416386083048,0.004208754208754209,0.009259259259259259,0.021885521885521883,0.005050505050505051,0.04405162738496071
21.900000000000002,0.6604834176503654,0.2525295109612142,0.0042158516020236085,0.010961214165261383,0.02065767284991568,0.0054806070826306915,0.045671725688589085
22.0,0.6596283783783784,0.2530968468468468,0.0059121621621621625,0.01295045045045045,0.018581081081081082,0.006193693693693694,0.04363738738738739
22.1,0.6576576576576576,0.2564752252252252,0.006756756756756757,0.011824324324324325,0.01717342342342342,0.006756756756756757,0.04335585585585586
22.200000000000003,0.6608855047941343,0.2526790750141005,0.00676818950930626,0.01212633953750705,0.014664410603496898,0.00676818950930626,0.0461082910321489
22.3,0.6601804850535816,0.2522560631697688,0.005076142131979695,0.012972363226170333,0.012408347433728146,0.00676818950930626,0.050338409475465314
22.400000000000002,0.6568376068376068,0.2578347578347578,0.003988603988603988,0.013675213675213675,0.010256410256410256,0.006837606837606838,0.05056980056980057
22.5,0.6545790671217293,0.261518771331058,0.00469283276450512,0.015216154721274175,0.009243458475540386,0.007679180887372013,0.04707053469852105
22.6,0.6483843537414966,0.26318027210884354,0.003401360544217687,0.01488095238095238,0.011054421768707483,0.01020408163265306,0.04889455782312925
22.700000000000003,0.6538021726700971,0.26157804459691253,0.004288164665523156,0.012292738707833047,0.012006861063464836,0.010291595197255575,0.04574042309891367
22.8,0.6624077228847246,0.25823395797842136,0.005536626916524702,0.008943781942078365,0.012350936967632026,0.011073253833049404,0.04145371947756956
22.9,0.6594141069397041,0.26166097838452784,0.005688282138794084,0.009670079635949942,0.015216154721274175,0.011945392491467578,0.03640500568828214
23.0,0.6595441595441596,0.26011396011396015,0.003988603988603989,0.0075498575498575485,0.017806267806267807,0.011965811965811967,0.03903133903133903
23.1,0.6512188208616779,0.26077097505668934,0.004251700680272109,0.006944444444444444,0.021541950113378682,0.011904761904761904,0.04336734693877551
23.200000000000003,0.6403133903133904,0.2678062678062678,0.005128205128205128,0.005982905982905983,0.018945868945868947,0.012535612535612535,0.04928774928774929
23.3,0.6412116040955632,0.26834470989761094,0.006825938566552901,0.005972696245733789,0.016496018202502842,0.013651877133105802,0.047497155858930606
23.4,0.6387940841865757,0.27275312855517636,0.006825938566552901,0.005546075085324232,0.015784982935153583,0.014505119453924915,0.045790671217292384
23.5,0.6356655290102389,0.27246871444823667,0.005972696245733789,0.005119453924914675,0.018060295790671217,0.015358361774744027,0.04735494880546075
23.6,0.6304038680318544,0.27659271899886234,0.005688282138794084,0.00611490329920364,0.014789533560864617,0.015358361774744027,0.05105233219567691
23.700000000000003,0.628336172629188,0.2779670641680863,0.006246450880181715,0.00880181714934696,0.013628620102214651,0.015332197614991482,0.04968767745599092
23.8,0.6276353276353277,0.27350427350427353,0.004843304843304843,0.013960113960113959,0.015954415954415952,0.015384615384615385,0.04871794871794872
23.9,0.6181972789115646,0.2774943310657596,0.00481859410430839,0.011763038548752833,0.022250566893424036,0.015306122448979591,0.050170068027210885
24.0,0.6108276643990929,0.2825963718820862,0.00963718820861678,0.006519274376417233,0.027210884353741496,0.012755102040816327,0.05045351473922903
24.1,0.6175972927241963,0.27608573040045126,0.009024252679075013,0.005922165820642978,0.02961082910321489,0.010998307952622674,0.050761421319796954
24.200000000000003,0.6255649717514125,0.2731638418079096,0.006779661016949152,0.006779661016949152,0.02853107344632768,0.010169491525423728,0.04901129943502825
24.3,0.6322033898305085,0.2714689265536723,0.004802259887005649,0.00903954802259887,0.026271186440677965,0.010169491525423728,0.04604519774011299
24.400000000000002,0.6298022598870057,0.2730225988700565,0.005084745762711864,0.012429378531073447,0.025706214689265535,0.010169491525423728,0.043785310734463276
24.5,0.6283898305084745,0.2805084745762712,0.005084745762711864,0.013983050847457627,0.02231638418079096,0.010169491525423728,0.03954802259887005
24.6,0.634009009009009,0.2857545045045045,0.0045045045045045045,0.013795045045045045,0.015484234234234234,0.010135135135135136,0.036317567567567564
24.700000000000003,0.6423552557616637,0.28991006183249013,0.004496908375491849,0.0073074761101742545,0.011944912872400223,0.009555930297920179,0.03442945474985947
24.8,0.6462900505902193,0.2900505902192243,0.00505902192242833,0.006745362563237774,0.011523327712197863,0.00885328836424958,0.03147835862844294
24.900000000000002,0.6425770308123249,0.2980392156862745,0.005042016806722689,0.0061624649859943975,0.010644257703081233,0.007843137254901959,0.029691876750700275
25.0,0.6427777777777777,0.30083333333333334,0.006666666666666667,0.006388888888888888,0.008333333333333333,0.005555555555555555,0.029444444444444447
25.1,0.6383360972913211,0.29919845218352675,0.01077943615257048,0.004836926478717523,0.011885019347705915,0.004975124378109453,0.029988944168048644
25.200000000000003,0.6384274640088593,0.2969269102990033,0.012458471760797342,0.004429678848283499,0.012181616832779622,0.0049833887043189366,0.030592469545957915
25.3,0.6353476821192053,0.29415011037527594,0.012693156732891831,0.005794701986754967,0.012969094922737307,0.004966887417218543,0.034078366445916115
25.400000000000002,0.6261001100110011,0.29276677667766776,0.0143014301430143,0.006188118811881188,0.018564356435643563,0.0049504950495049506,0.03712871287128713
25.5,0.6370523415977961,0.2830578512396694,0.011570247933884297,0.009641873278236915,0.022589531680440773,0.0049586776859504135,0.031129476584022035
25.6,0.6386138613861386,0.2824532453245324,0.006600660066006601,0.013476347634763476,0.02365236523652365,0.0049504950495049506,0.030253025302530257
25.700000000000003,0.6378837719298245,0.2844024122807018,0.006167763157894737,0.015213815789473685,0.02549342105263158,0.004934210526315789,0.025904605263157895
25.8,0.6434651290499726,0.2814387699066447,0.005766062602965404,0.011532125205930808,0.02841845140032949,0.004942339373970346,0.02443712246018671
25.900000000000002,0.6416256157635468,0.2855774493705528,0.006568144499178982,0.005747126436781609,0.028461959496442254,0.0049261083743842365,0.027093596059113302
26.0,0.6445997807017544,0.28536184210526316,0.006716008771929824,0.005345394736842105,0.027275219298245612,0.004934210526315789,0.025767543859649123
26.1,0.6468646864686468,0.28836633663366334,0.0055005500550055,0.004125412541254125,0.024477447744774474,0.0049504950495049506,0.025715071507150713
26.200000000000003,0.6500275027502751,0.2863036303630363,0.00385038503850385,0.004537953795379538,0.02337733773377338,0.0049504950495049506,0.02695269526952695
26.3,0.6440142778693027,0.28953871499176276,0.0037067545304777594,0.0038440417353102687,0.022240527182866558,0.004942339373970346,0.03171334431630972
26.400000000000002,0.6368753432180121,0.2918725974739154,0.00686436024162548,0.006177924217462932,0.02086765513454146,0.004942339373970346,0.032399780340472265
26.5,0.6347634763476347,0.28836633663366334,0.0077007700770077,0.007425742574257425,0.023377337733773377,0.0049504950495049506,0.03341584158415842
26.6,0.6375617792421746,0.28171334431630973,0.007138934651290499,0.007413509060955519,0.023887973640856673,0.004942339373970346,0.03734211971444261
26.700000000000003,0.6363636363636364,0.2778236914600551,0.005785123966942148,0.01046831955922865,0.023966942148760332,0.0049586776859504135,0.040633608815427
26.8,0.6336920529801324,0.2793874172185431,0.005380794701986755,0.014072847682119206,0.02041942604856512,0.004966887417218543,0.04208057395143488
26.900000000000002,0.6394389438943895,0.2766776677667767,0.00605060506050605,0.0154015401540154,0.0176017601760176,0.0049504950495049506,0.039878987898789874
27.0,0.6431129476584022,0.27520661157024795,0.006611570247933884,0.016115702479338842,0.015013774104683197,0.0049586776859504135,0.03898071625344353
27.1,0.6479338842975206,0.2793388429752066,0.005234159779614325,0.014462809917355372,0.012258953168044076,0.0049586776859504135,0.03581267217630854
27.200000000000003,0.649671052631579,0.2790570175438597,0.004111842105263158,0.013432017543859648,0.012609649122807019,0.004934210526315789,0.03618421052631579
27.3,0.6441256830601093,0.27199453551912567,0.004918032786885246,0.012978142076502731,0.015163934426229509,0.004918032786885246,0.04590163934426229
27.400000000000002,0.6444353518821604,0.2712765957446808,0.004091653027823241,0.010092744135297326,0.015411893071467538,0.004909983633387889,0.049781778505182755
27.5,0.6483004385964912,0.2779605263157895,0.0024671052631578946,0.005482456140350877,0.011239035087719298,0.004934210526315789,0.04961622807017543
27.6,0.6555646929824562,0.2772752192982456,0.0027412280701754384,0.0043859649122807015,0.01069078947368421,0.004934210526315789,0.044407894736842105
27.700000000000003,0.6522331154684097,0.2734204793028322,0.0032679738562091504,0.005446623093681917,0.01715686274509804,0.004901960784313725,0.04357298474945533
27.8,0.6518729641693811,0.2719869706840391,0.0038002171552660147,0.01017915309446254,0.016829533116178064,0.004885993485342019,0.04044516829533116
27.900000000000002,0.6498357963875205,0.27586206896551724,0.004105090311986864,0.010673234811165846,0.01655719759168035,0.0049261083743842365,0.03804050355774494
28.0,0.6530723219140838,0.27107123436650354,0.003806416530723219,0.008700380641653072,0.017672648178357803,0.004893964110929853,0.040783034257748776
28.1,0.6544913419913421,0.26406926406926406,0.0027056277056277055,0.006087662337662338,0.021645021645021648,0.00487012987012987,0.046130952380952384
28.200000000000003,0.6528448738593666,0.26006441223832527,0.001610305958132045,0.005904455179817498,0.025362318840579712,0.004830917874396135,0.04938271604938272
28.3,0.644927536231884,0.26382179280730006,0.001610305958132045,0.007246376811594203,0.026301663982823402,0.00644122383252818,0.049651100375738055
28.400000000000002,0.6348631239935588,0.27093397745571657,0.00322061191626409,0.008051529790660225,0.02670424047235641,0.00644122383252818,0.049785292538915726
28.5,0.632875605815832,0.2773290253096392,0.0032310177705977385,0.009558427571351641,0.024771136241249325,0.005654281098546042,0.04658050619278406
28.6,0.6400537634408602,0.278494623655914,0.0032258064516129032,0.008602150537634409,0.02258064516129032,0.004838709677419355,0.04220430107526881
28.700000000000003,0.6509154550350027,0.27127086698976843,0.0036348949919224557,0.0078082929456112,0.023155627355950458,0.004846526655896607,0.03836833602584814
28.8,0.6475498115239634,0.2738287560581583,0.004308023694130318,0.009019924609585353,0.022347872913301023,0.004846526655896607,0.038099084544964995
28.900000000000002,0.6519292604501608,0.267416934619507,0.006162915326902465,0.008038585209003215,0.02465166130760986,0.00482315112540193,0.03697749196141479
29.0,0.6501597444089456,0.26477635782747605,0.006389776357827476,0.007720979765708199,0.026357827476038338,0.004792332268370607,0.03980298189563365
29.1,0.6481774960380349,0.26386687797147385,0.0052826201796090854,0.010301109350237718,0.02641310089804543,0.004754358161648178,0.04120443740095087
29.200000000000003,0.6574367088607594,0.25606540084388185,0.007911392405063292,0.013185654008438819,0.023734177215189875,0.004746835443037975,0.03691983122362869
29.3,0.6649525316455697,0.25158227848101267,0.007120253164556962,0.011075949367088608,0.0245253164556962,0.004746835443037975,0.03599683544303797
29.400000000000002,0.6664033701948394,0.2546076882569773,0.00631911532385466,0.006977356503422854,0.023959978936282256,0.004739336492890996,0.036993154291732486
29.5,0.6661450182576942,0.25456442357850806,0.007042253521126761,0.008868022952529994,0.021648408972352637,0.004694835680751174,0.03703703703703704
29.6,0.6621093750000001,0.2484375,0.0078125,0.015625,0.02434895833333333,0.0046875,0.03697916666666666
29.700000000000003,0.6538662486938349,0.25313479623824453,0.007836990595611285,0.01567398119122257,0.022988505747126436,0.004702194357366771,0.041797283176593515
29.8,0.6491159646385856,0.2539001560062403,0.008060322412896516,0.012870514820592824,0.02379095163806552,0.004160166406656266,0.04810192407696308
29.900000000000002,0.6605659397715472,0.25142782969885774,0.00778816199376947,0.009345794392523364,0.02336448598130841,0.0035046728971962616,0.044003115264797506
30.0,0.6674466978679148,0.24908996359854396,0.006760270410816433,0.007280291211648465,0.023660946437857516,0.0031201248049922,0.04264170566822673
30.1,0.6635465418616744,0.24778991159646388,0.006760270410816433,0.0078003120124804995,0.028081123244929798,0.004160166406656266,0.04186167446697868
30.200000000000003,0.6639365574622985,0.250130005200208,0.00546021840873635,0.0093603744149766,0.024440977639105563,0.0046801872074883,0.041991679667186685
30.3,0.666926272066459,0.2570093457943925,0.003115264797507788,0.007009345794392523,0.022326064382139146,0.004672897196261682,0.03894080996884735
30.400000000000002,0.6741835147744946,0.25427682737169516,0.003628823224468636,0.003628823224468636,0.02021772939346812,0.004665629860031105,0.03939865215137376
30.5,0.6711816305469555,0.25580495356037153,0.0041279669762641896,0.0036119711042311656,0.019736842105263157,0.0046439628482972135,0.04089267285861713
30.6,0.6679546625450798,0.2594023699124163,0.0056671818650180315,0.005409582689335394,0.018289541473467282,0.00463678516228748,0.03863987635239567
30.700000000000003,0.6678240740740741,0.26080246913580246,0.007201646090534979,0.007716049382716049,0.02340534979423868,0.004243827160493827,0.02880658436213992
30.8,0.6722050489438434,0.25772797527047914,0.0066975785677485826,0.007470376094796496,0.02511591962905719,0.003992787223080886,0.02679031427099433
30.900000000000002,0.6776753712237583,0.2501280081925243,0.005120327700972861,0.007168458781362006,0.022785458269329237,0.00409626216077829,0.03302611367127496
31.0,0.6793200408997956,0.24309815950920247,0.006646216768916155,0.008179959100204498,0.021855828220858894,0.004601226993865031,0.03629856850715746
31.1,0.6854134565998972,0.23831535695942474,0.007190549563430918,0.01027221366204417,0.019517205957883924,0.004622496147919877,0.03466872110939907
31.200000000000003,0.6830242143225141,0.24574961360123648,0.007856774858320453,0.009659969088098918,0.01661514683153014,0.00463678516228748,0.03245749613601236
31.3,0.6767441860465117,0.2509043927648579,0.010723514211886305,0.011369509043927648,0.015245478036175712,0.004651162790697674,0.030361757105943157
31.400000000000002,0.6736651114567133,0.2534992223950233,0.012700881285640227,0.012182477967858993,0.017236910316226022,0.004665629860031105,0.026049766718507
31.5,0.6733176838810642,0.2552164840897235,0.014084507042253521,0.012649973917579552,0.015910276473656754,0.004694835680751174,0.02412623891497131
31.6,0.6749740394600209,0.25025960539979236,0.013888888888888888,0.01259086188992731,0.01505711318795431,0.004672897196261682,0.028556593977154723
31.700000000000003,0.6731770833333333,0.243359375,0.0109375,0.013541666666666665,0.015885416666666666,0.0046875,0.03841145833333333
31.8,0.6683620239958268,0.24308815858111635,0.009911319770474701,0.01486697965571205,0.01617110067814293,0.004694835680751174,0.042905581637976004
31.900000000000002,0.6669283097854526,0.2418890633176347,0.009157509157509156,0.013605442176870748,0.0141287284144427,0.0057561486132914706,0.04853479853479853
32.0,0.6683646812957158,0.24608150470219436,0.008881922675026122,0.008881922675026124,0.015543364681295715,0.0054858934169279,0.046760710553814006
32.1,0.6623563218390804,0.2594043887147335,0.009273772204806687,0.009404388714733543,0.01763322884012539,0.005224660397074189,0.03670323928944618
32.2,0.6641653501843076,0.2592153765139547,0.007898894154818325,0.01369141653501843,0.015139547130068456,0.005924170616113744,0.0339652448657188
32.3,0.6571316614420063,0.26071055381400204,0.007053291536050157,0.013061650992685477,0.019723092998955066,0.006269592476489028,0.03605015673981191
32.400000000000006,0.652321335419927,0.2634324465310381,0.005738132498695879,0.011737089201877934,0.019692227438706314,0.006259780907668232,0.04081898800208659
32.5,0.6529519331243469,0.2665882967607105,0.003918495297805642,0.007836990595611285,0.022466039707419016,0.006269592476489028,0.03996865203761755
32.6,0.6577708006279435,0.26713762428048143,0.004709576138147566,0.007587650444793302,0.020669806384092097,0.006279434850863423,0.0358451072736787
32.7,0.6596244131455399,0.27230046948356806,0.006259780907668232,0.006520605112154407,0.018257694314032343,0.006259780907668232,0.030777256129368807
32.8,0.6639237199582027,0.2735109717868338,0.004702194357366771,0.0065308254963427365,0.018547544409613377,0.006269592476489028,0.026515151515151516
32.900000000000006,0.6602463312368974,0.2796121593291404,0.0023584905660377358,0.009171907756813417,0.020047169811320754,0.006289308176100629,0.022274633123689727
33.0,0.6557570977917981,0.28640904311251314,0.002365930599369085,0.009200841219768665,0.01971608832807571,0.006309148264984227,0.020241850683491065
33.1,0.6553627760252366,0.28746056782334384,0.00473186119873817,0.007097791798107256,0.019321766561514197,0.005520504731861199,0.02050473186119874
33.2,0.6593175853018373,0.2863517060367454,0.006299212598425197,0.004199475065616798,0.019685039370078736,0.004724409448818898,0.01942257217847769
33.3,0.6552672955974843,0.28812893081761004,0.007337526205450732,0.004979035639412998,0.02017819706498952,0.0047169811320754715,0.01939203354297694
33.400000000000006,0.6547244094488189,0.2795275590551181,0.00905511811023622,0.006299212598425197,0.02125984251968504,0.004724409448818898,0.024409448818897637
33.5,0.6505503144654088,0.2734538784067086,0.009696016771488469,0.00550314465408805,0.02410901467505241,0.0052410901467505235,0.031446540880503145
33.6,0.6503680336487908,0.26919032597266035,0.008937960042060987,0.006309148264984227,0.025499474237644586,0.006309148264984227,0.03338590956887486
33.7,0.6550449022715268,0.270338087691495,0.00832012678288431,0.00832012678288431,0.02377179080824089,0.0036978341257263604,0.030507131537242473
33.8,0.6478706624605677,0.27313354363827547,0.007886435331230283,0.00801787592008412,0.024579390115667718,0.0031545741324921135,0.03535751840168244
33.900000000000006,0.6490536277602523,0.268664563617245,0.0068349106203995785,0.00814931650893796,0.02471083070452156,0.0031545741324921135,0.03943217665615142
34.0,0.6490536277602524,0.2669558359621451,0.006309148264984227,0.01025236593059937,0.022607781282860145,0.0031545741324921135,0.041666666666666664
34.1,0.6505503144654088,0.2686058700209643,0.0047169811320754715,0.009433962264150943,0.02122641509433962,0.0031446540880503146,0.04232180293501048
34.2,0.6512539184952979,0.2732497387669801,0.005747126436781609,0.00914315569487983,0.02037617554858934,0.003134796238244514,0.037095088819226754
34.3,0.6504702194357366,0.27168234064785796,0.007314524555903866,0.01149425287356322,0.019984326018808778,0.003134796238244514,0.03591954022988506
34.400000000000006,0.6466509680795396,0.2749869178440607,0.008372579801151228,0.01282051282051282,0.020538984824699107,0.0031397174254317113,0.03349031920460492
34.5,0.6387139107611548,0.28018372703412076,0.007874015748031496,0.013123359580052495,0.021128608923884514,0.0031496062992125984,0.03582677165354331
34.6,0.6487159329140462,0.2786949685534591,0.006027253668763103,0.008778825995807128,0.022143605870020962,0.0031446540880503146,0.032494758909853254
34.7,0.655249343832021,0.27650918635170607,0.006299212598425197,0.008398950131233596,0.02099737532808399,0.0031496062992125984,0.02939632545931758
34.8,0.6529088050314465,0.2783018867924528,0.00550314465408805,0.009171907756813417,0.01939203354297694,0.0031446540880503146,0.03157756813417191
34.900000000000006,0.6477392218717141,0.28430599369085174,0.004206098843322818,0.008675078864353312,0.018796004206098844,0.0031545741324921135,0.033123028391167195
35.0,0.6409448818897637,0.2825459317585302,0.0031496062992125984,0.012335958005249344,0.02257217847769029,0.003937007874015748,0.03451443569553806
35.1,0.6415615141955836,0.2745793901156677,0.00473186119873817,0.014458464773922186,0.024579390115667718,0.004337539432176656,0.03575184016824395
35.2,0.6398950131233595,0.268503937007874,0.007611548556430446,0.014173228346456693,0.027821522309711282,0.004199475065616798,0.03779527559055118
35.3,0.6389324960753532,0.27053898482469907,0.008372579801151228,0.012035583464154892,0.027734170591313445,0.004709576138147566,0.03767660910518053
35.400000000000006,0.6395013123359579,0.27467191601049873,0.008661417322834646,0.008923884514435695,0.02545931758530184,0.004724409448818898,0.03805774278215223
35.5,0.6442510548523207,0.27492088607594933,0.00870253164556962,0.010284810126582278,0.0245253164556962,0.004746835443037975,0.03256856540084389
35.6,0.6477812995245642,0.2745641838351823,0.00832012678288431,0.012414157422081351,0.023903856312731116,0.004754358161648178,0.028262017960908613
35.7,0.6392421833598305,0.28139904610492844,0.007419183889772124,0.010333863275039745,0.025172231054583993,0.0047694753577106515,0.03166401695813461
35.8,0.6406581740976646,0.28715498938428874,0.00583864118895966,0.0050424628450106155,0.02494692144373673,0.004777070063694267,0.03158174097664544
35.900000000000006,0.646031746031746,0.2857142857142857,0.0035714285714285713,0.00582010582010582,0.0205026455026455,0.004761904761904762,0.03359788359788359
36.0,0.6466244725738396,0.28362341772151894,0.003955696202531646,0.0065928270042194086,0.018723628691983123,0.006329113924050633,0.03415084388185654
36.1,0.6373015873015873,0.28121693121693125,0.005820105820105819,0.008201058201058202,0.022222222222222223,0.006084656084656084,0.03915343915343915
36.2,0.643746687864335,0.26907790143084265,0.008346581875993641,0.008081611022787493,0.023184949655537888,0.005961844197138315,0.041600423953365134
36.3,0.650026413100898,0.26254622292657154,0.011885895404120444,0.009244585314315901,0.020602218700475437,0.006339144215530904,0.039355520338087695
36.400000000000006,0.6527339642481599,0.2607781282860147,0.012092534174553101,0.009726603575184017,0.020241850683491065,0.006309148264984227,0.03811777076761304
36.5,0.6584119496855346,0.26388888888888895,0.01218553459119497,0.007861635220125786,0.021750524109014673,0.006289308176100629,0.02961215932914046
36.6,0.6606012658227848,0.2633175105485232,0.011075949367088608,0.00949367088607595,0.01845991561181435,0.006329113924050633,0.03072257383966245
36.7,0.658742736397253,0.26835710512414157,0.00739566825145272,0.010036978341257264,0.021394611727416798,0.006339144215530904,0.0277337559429477
36.8,0.6619047619047619,0.26494708994708993,0.007671957671957672,0.009523809523809525,0.022222222222222223,0.006349206349206349,0.02738095238095238
36.900000000000006,0.6548754636989932,0.266163222045575,0.011128775834658187,0.00980392156862745,0.022522522522522525,0.006359300476947536,0.029146793852676208
37.0,0.6421333333333334,0.26613333333333333,0.010666666666666666,0.0152,0.02853333333333333,0.0064,0.03093333333333333
37.1,0.6514666666666667,0.26533333333333337,0.009866666666666666,0.0176,0.02613333333333334,0.0064,0.0232
37.2,0.6565008025682182,0.26725521669341895,0.009898341359015515,0.014713750668806848,0.024879614767255216,0.0072231139646869984,0.01952915997859818
37.3,0.6537539936102237,0.2654419595314164,0.011182108626198083,0.014643237486687964,0.021299254526091587,0.007987220447284345,0.025692225772097975
37.400000000000006,0.6525333333333333,0.26213333333333333,0.013866666666666666,0.017066666666666664,0.019466666666666667,0.0096,0.025333333333333333
37.5,0.6573183760683761,0.2568108974358974,0.016025641025641024,0.01469017094017094,0.020566239316239316,0.008547008547008546,0.026041666666666668
37.6,0.6650641025641025,0.25560897435897434,0.013621794871794872,0.010016025641025642,0.021501068376068376,0.008012820512820512,0.026175213675213672
37.7,0.6655982905982906,0.25961538461538464,0.010683760683760684,0.003739316239316239,0.023237179487179488,0.008012820512820512,0.029113247863247864
37.8,0.665204678362573,0.26156299840510366,0.009037745879851143,0.0009303561935140881,0.027777777777777773,0.007974481658692184,0.02751196172248804
37.900000000000006,0.6626984126984127,0.26296296296296295,0.008333333333333333,0.001984126984126984,0.029365079365079365,0.007936507936507936,0.026719576719576716
38.0,0.661119915478077,0.2620179609086106,0.006867406233491813,0.004226096143687269,0.030375066032752248,0.00792393026941363,0.027469624933967245
38.1,0.6579365079365079,0.2656084656084656,0.005555555555555556,0.004232804232804232,0.02857142857142857,0.007936507936507936,0.03015873015873016
38.2,0.6595238095238095,0.25873015873015875,0.006349206349206349,0.003968253968253968,0.026719576719576716,0.007936507936507936,0.036772486772486776
38.3,0.6596449390567037,0.25649178590355065,0.007154213036565978,0.004239533651298357,0.029146793852676208,0.00794912559618442,0.035373608903020666
38.400000000000006,0.658994708994709,0.25515873015873014,0.007936507936507936,0.005158730158730159,0.0291005291005291,0.007936507936507936,0.03571428571428571
38.5,0.6581875993640699,0.2562268150503445,0.009538950715421303,0.00794912559618442,0.030074191838897722,0.006359300476947536,0.0316640169581346
38.6,0.6620148856990963,0.2535885167464115,0.011164274322169059,0.008506113769271663,0.030037214247740567,0.006379585326953748,0.028309409888357256
38.7,0.6566296883254095,0.2585842577918647,0.011225567881669308,0.009508716323296355,0.0277337559429477,0.006339144215530904,0.02997886951928156
38.8,0.6598101265822784,0.2609440928270042,0.010416666666666666,0.00949367088607595,0.026371308016877638,0.006329113924050633,0.02663502109704641
38.900000000000006,0.659282700421941,0.25922995780590713,0.011867088607594937,0.012130801687763712,0.024525316455696205,0.006329113924050633,0.02663502109704641
39.0,0.6604791995787256,0.2571090047393365,0.012901527119536597,0.014481305950500262,0.02330173775671406,0.00631911532385466,0.02540810953133228
39.1,0.6683753943217665,0.25210304942166145,0.011041009463722398,0.012092534174553103,0.024185068349106203,0.00683491062039958,0.025368033648790745
39.2,0.6751054852320676,0.24841772151898733,0.00949367088607595,0.010812236286919833,0.021624472573839662,0.007911392405063292,0.026635021097046418
39.3,0.6764550264550265,0.24669312169312171,0.009523809523809525,0.012962962962962964,0.016666666666666666,0.00873015873015873,0.02896825396825397
39.400000000000006,0.6774789029535865,0.24604430379746836,0.005010548523206751,0.012658227848101266,0.02307489451476793,0.00949367088607595,0.026239451476793248
39.5,0.6746923488496522,0.2501337613697164,0.0040128410914927765,0.011235955056179775,0.027019796682718034,0.009630818619582664,0.023274478330658103
39.6,0.6784755770263017,0.24302200751476113,0.005233494363929146,0.009259259259259259,0.028314546430488457,0.00966183574879227,0.02603327965646806
39.7,0.6706859592711684,0.24048767416934622,0.005091103965702036,0.01152197213290461,0.02920685959271168,0.00964630225080386,0.033360128617363344
39.8,0.6685244161358811,0.23964968152866242,0.005307855626326964,0.010615711252653927,0.028397027600849254,0.009554140127388535,0.037951167728237784
39.900000000000006,0.666,0.24053333333333335,0.0056,0.0108,0.0284,0.0096,0.039066666666666666
40.0,0.6666666666666666,0.23887995712754556,0.006162915326902466,0.01232583065380493,0.028670953912111472,0.00964630225080386,0.037647374062165055
40.1,0.6710878885316185,0.22655412647374065,0.007502679528403,0.012861736334405145,0.03041264737406216,0.01004823151125402,0.04153269024651661
40.2,0.6760799999999999,0.2189866666666667,0.008853333333333333,0.0104,0.032426666666666666,0.010133333333333333,0.04312
40.3,0.6759558427571352,0.22051696284329564,0.009827679052234787,0.009289176090468497,0.033117932148626815,0.01050080775444265,0.04079159935379645
40.400000000000006,0.6807341907824223,0.22119506966773844,0.00964630225080386,0.006966773847802786,0.03322615219721329,0.011254019292604502,0.03697749196141478
40.5,0.6797542735042735,0.21995192307692307,0.01201923076923077,0.004273504273504273,0.029780982905982904,0.011217948717948718,0.04300213675213676
40.6,0.6771000535045479,0.22405029427501336,0.013643659711075442,0.004414125200642055,0.024879614767255216,0.011235955056179775,0.04467629748528625
40.7,0.667474421109316,0.2303446418955304,0.011847065158858375,0.007000538502961766,0.025848142164781908,0.011308562197092083,0.04617662897145935
40.8,0.6608495670995671,0.23498376623376624,0.012581168831168832,0.008793290043290042,0.027326839826839824,0.011363636363636364,0.0441017316017316
40.900000000000006,0.6619471413160735,0.2301779935275081,0.011326860841423949,0.012405609492988133,0.027912621359223302,0.011326860841423949,0.044902912621359224
41.0,0.671925566343042,0.2259978425026969,0.008360302049622436,0.013214670981661273,0.02953074433656958,0.011326860841423949,0.03964401294498382
41.1,0.6807359307359307,0.22132034632034633,0.006899350649350649,0.012040043290043288,0.033008658008658015,0.011363636363636364,0.03463203463203463
41.2,0.6865530303030304,0.21875,0.006087662337662338,0.010551948051948052,0.033685064935064936,0.010957792207792208,0.03341450216450217
