,run,cast,stop,hunch,backup,roll,small_actions
14.8,0.3806644880174292,0.4712962962962963,0.013888888888888888,0.0032679738562091504,0.06427015250544661,0.01977124183006536,0.046840958605664486
14.9,0.3836056644880175,0.4654684095860567,0.013562091503267974,0.00457516339869281,0.06372549019607843,0.018355119825708064,0.050708061002178645
15.0,0.40013175230566533,0.4525691699604743,0.015019762845849802,0.011857707509881422,0.037549407114624504,0.011264822134387353,0.07160737812911724
15.100000000000001,0.39448818897637783,0.44219160104986877,0.013385826771653543,0.015748031496062992,0.04297900262467192,0.012598425196850395,0.07860892388451443
15.200000000000001,0.389484126984127,0.4433862433862434,0.01455026455026455,0.011640211640211642,0.056547619047619055,0.014285714285714285,0.0701058201058201
15.3,0.3961942257217848,0.44396325459317587,0.01732283464566929,0.005511811023622047,0.05603674540682415,0.015748031496062992,0.0652230971128609
15.4,0.4085638998682477,0.43689064558629775,0.01673254281949934,0.003952569169960474,0.054281949934123844,0.014229249011857709,0.06534914361001316
15.5,0.43215686274509807,0.43176470588235294,0.012091503267973855,0.0049673202614379085,0.049019607843137254,0.012745098039215686,0.05725490196078431
15.600000000000001,0.44176470588235295,0.4263398692810457,0.01437908496732026,0.004901960784313725,0.04777777777777778,0.011764705882352941,0.053071895424836604
15.700000000000001,0.4341830065359477,0.44176470588235295,0.01411764705882353,0.00392156862745098,0.043398692810457516,0.011764705882352941,0.05084967320261438
15.8,0.3978027867095391,0.4546087888531618,0.01580921757770632,0.0019292604501607716,0.06730975348338691,0.017363344051446947,0.04517684887459807
15.9,0.38483386923901397,0.46178992497320476,0.01607717041800643,0.0012861736334405145,0.07331189710610933,0.014790996784565915,0.047909967845659165
16.0,0.39935149156939037,0.4637483787289235,0.019455252918287938,0.004669260700389106,0.05337224383916991,0.0038910505836575876,0.05551232166018158
16.1,0.38875968992248067,0.47674418604651164,0.020155038759689922,0.006976744186046511,0.050387596899224806,0.002325581395348837,0.05465116279069767
16.2,0.3785256410256411,0.4829487179487179,0.016666666666666666,0.011346153846153846,0.04762820512820513,0.0038461538461538464,0.05903846153846154
16.3,0.3690384615384615,0.49019230769230765,0.012307692307692308,0.014615384615384615,0.04032051282051283,0.0071794871794871795,0.06634615384615385
16.400000000000002,0.3600126742712294,0.49435994930291505,0.013941698352344739,0.01311787072243346,0.0370722433460076,0.009125475285171103,0.0723700887198986
16.5,0.36319444444444443,0.49797979797979797,0.017045454545454544,0.010606060606060605,0.035606060606060606,0.013131313131313133,0.06243686868686869
16.6,0.36300505050505055,0.5026515151515151,0.021717171717171718,0.011994949494949494,0.03194444444444444,0.01628787878787879,0.0523989898989899
16.7,0.36736111111111114,0.5032196969696969,0.0202020202020202,0.014330808080808083,0.02847222222222222,0.016414141414141416,0.049999999999999996
16.8,0.3495356037151703,0.49184726522187827,0.01934984520123839,0.01656346749226006,0.06465428276573787,0.015479876160990712,0.04256965944272446
16.900000000000002,0.34891640866873064,0.48921568627450973,0.021568627450980392,0.015995872033023734,0.06418988648090816,0.013415892672858616,0.04669762641898865
17.0,0.3643396226415095,0.5029559748427673,0.01622641509433962,0.016037735849056604,0.030000000000000002,0.013962264150943397,0.05647798742138365
17.1,0.3672305764411028,0.4989974937343359,0.008458646616541353,0.015037593984962405,0.034085213032581455,0.01898496240601504,0.05720551378446115
17.200000000000003,0.37462406015037597,0.48765664160401,0.004699248120300752,0.015977443609022556,0.02907268170426065,0.02387218045112782,0.06409774436090226
17.3,0.3653508771929825,0.49354636591478696,0.005012531328320802,0.01654135338345865,0.02700501253132832,0.022556390977443608,0.0699874686716792
17.400000000000002,0.35411985018726594,0.5045568039950062,0.008988764044943821,0.01373283395755306,0.023970037453183518,0.020224719101123598,0.07440699126092384
17.5,0.3493686868686869,0.5220328282828283,0.010227272727272727,0.007765151515151515,0.019444444444444445,0.01628787878787879,0.07487373737373737
17.6,0.3551767676767677,0.5275252525252526,0.00909090909090909,0.0071969696969696965,0.01515151515151515,0.013888888888888888,0.07196969696969698
17.700000000000003,0.35459119496855346,0.5325157232704403,0.007547169811320755,0.007547169811320755,0.013333333333333332,0.010062893081761006,0.07440251572327045
17.8,0.3340534979423868,0.5120884773662552,0.013117283950617283,0.009259259259259259,0.04835390946502058,0.013374485596707819,0.06975308641975309
17.900000000000002,0.3398148148148148,0.5096193415637861,0.014403292181069957,0.009259259259259259,0.046141975308641975,0.013888888888888888,0.06687242798353911
18.0,0.3625318066157761,0.5221374045801526,0.01208651399491094,0.008587786259541985,0.012404580152671756,0.011132315521628498,0.07111959287531805
18.1,0.3608365019011407,0.5211026615969581,0.015525982256020279,0.010012674271229404,0.016666666666666666,0.010456273764258554,0.06539923954372623
18.200000000000003,0.35690747782002535,0.5201520912547528,0.01679340937896071,0.011787072243346007,0.0164765525982256,0.011406844106463879,0.0664765525982256
18.3,0.3478453738910013,0.541191381495564,0.016159695817490494,0.013307984790874524,0.013307984790874524,0.011660329531051963,0.05652724968314322
18.400000000000002,0.33731060606060603,0.5537247474747475,0.015151515151515152,0.013888888888888888,0.014898989898989898,0.011363636363636364,0.05366161616161616
18.5,0.33510101010101007,0.5515151515151516,0.01534090909090909,0.016098484848484848,0.017866161616161617,0.011047979797979798,0.05303030303030303
18.6,0.3369949494949495,0.5496843434343435,0.01571969696969697,0.020454545454545454,0.01837121212121212,0.014709595959595957,0.044065656565656565
18.700000000000003,0.3458964646464646,0.54375,0.012626262626262624,0.021780303030303032,0.017992424242424244,0.020454545454545454,0.03749999999999999
18.8,0.3358539094650206,0.5339506172839505,0.018518518518518517,0.019958847736625516,0.04161522633744856,0.018930041152263374,0.031172839506172837
18.900000000000002,0.3344650205761317,0.5292181069958848,0.019290123456790122,0.01934156378600823,0.0477880658436214,0.01831275720164609,0.03158436213991769
19.0,0.3465909090909091,0.5196969696969697,0.015656565656565653,0.016098484848484848,0.03901515151515151,0.017424242424242422,0.04551767676767676
19.1,0.3489348370927318,0.5132205513784461,0.016040100250626566,0.016290726817042606,0.048120300751879695,0.012781954887218045,0.04461152882205514
19.200000000000003,0.34906015037593985,0.5112155388471179,0.017230576441102756,0.01654135338345865,0.05288220551378447,0.013408521303258144,0.03966165413533834
19.3,0.3525689223057644,0.5040726817042606,0.02055137844611529,0.015037593984962405,0.0518796992481203,0.014035087719298246,0.04185463659147869
19.400000000000002,0.34711779448621555,0.5234962406015038,0.02086466165413534,0.011278195488721804,0.0412280701754386,0.012280701754385965,0.043734335839598994
19.5,0.3360902255639098,0.5482456140350878,0.016165413533834584,0.007518796992481203,0.03151629072681704,0.012781954887218045,0.04768170426065163
19.6,0.32700501253132835,0.5512531328320802,0.015413533834586464,0.007518796992481203,0.025,0.01654135338345865,0.05726817042606516
19.700000000000003,0.3170426065162907,0.5578947368421052,0.01654135338345865,0.006015037593984962,0.02531328320802005,0.014661654135338346,0.06253132832080201
19.8,0.3175840978593272,0.5250254841997961,0.019367991845056064,0.005504587155963303,0.0672782874617737,0.009174311926605505,0.05606523955147809
19.900000000000002,0.326605504587156,0.5074923547400613,0.016819571865443424,0.0061162079510703364,0.077217125382263,0.011926605504587155,0.053822629969418966
20.0,0.34911949685534593,0.5040251572327044,0.009433962264150943,0.00830188679245283,0.05113207547169811,0.019245283018867923,0.05874213836477988
20.1,0.35044025157232706,0.5107367475292003,0.007547169811320755,0.00830188679245283,0.04637017070979335,0.017547169811320755,0.059056603773584904
20.200000000000003,0.3472641509433962,0.519245283018868,0.009056603773584906,0.006037735849056604,0.04235849056603774,0.013207547169811321,0.06283018867924528
20.3,0.34106918238993705,0.5262893081761005,0.012264150943396227,0.0047169811320754715,0.04188679245283019,0.016352201257861635,0.057421383647798745
20.400000000000002,0.330566037735849,0.5381132075471697,0.012327044025157233,0.0009433962264150943,0.04389937106918239,0.02138364779874214,0.05276729559748428
20.5,0.33465408805031444,0.5508805031446542,0.011320754716981131,0.0025157232704402514,0.03320754716981132,0.017547169811320755,0.04987421383647798
20.6,0.3388888888888889,0.5525883838383838,0.011174242424242425,0.003787878787878788,0.02803030303030303,0.015151515151515152,0.050378787878787884
20.700000000000003,0.3397869674185464,0.5332080200501254,0.015225563909774436,0.002631578947368421,0.035025062656641605,0.01629072681704261,0.05783208020050125
20.8,0.32914110429447846,0.5306237218813905,0.024182004089979548,0.0018404907975460123,0.05224948875255623,0.014314928425357872,0.047648261758691204
20.900000000000002,0.3324159021406728,0.5277268093781855,0.02420998980632008,0.0061162079510703364,0.05519877675840979,0.010703363914373088,0.043628950050968396
21.0,0.35031210986267164,0.5173533083645443,0.021847690387016228,0.009737827715355805,0.0369538077403246,0.008239700374531835,0.05555555555555556
21.1,0.35443196004993754,0.5186017478152308,0.0215980024968789,0.008239700374531835,0.028339575530586764,0.007740324594257178,0.06104868913857678
21.200000000000003,0.35468164794007484,0.5210986267166042,0.019975031210986267,0.00599250936329588,0.025967540574282143,0.008239700374531835,0.06404494382022473
21.3,0.35742821473158554,0.5209113607990011,0.020599250936329586,0.0032459425717852684,0.028714107365792756,0.009425717852684144,0.05967540574282147
21.400000000000002,0.36485642946317104,0.5147315855181024,0.02247191011235955,0.00299625468164794,0.02865168539325843,0.011235955056179773,0.05505617977528089
21.5,0.365980024968789,0.5132334581772785,0.02247191011235955,0.005930087390761548,0.024094881398252183,0.012484394506866416,0.05580524344569288
21.6,0.36175373134328354,0.5267412935323382,0.017723880597014924,0.00472636815920398,0.02027363184079602,0.015298507462686566,0.053482587064676616
21.700000000000003,0.34919154228855726,0.5380597014925372,0.018656716417910446,0.002425373134328358,0.021828358208955224,0.017475124378109455,0.052363184079602
21.8,0.32299898682877404,0.5306990881458966,0.022087132725430596,0.00425531914893617,0.04842958459979736,0.020263424518743665,0.05126646403242147
21.900000000000002,0.32902735562310026,0.5239614994934144,0.022644376899696048,0.00547112462006079,0.04741641337386018,0.022796352583586626,0.04868287740628166
22.0,0.3447761194029851,0.525497512437811,0.023009950248756218,0.005223880597014925,0.02531094527363184,0.026741293532338305,0.049440298507462684
22.1,0.3510572139303483,0.5164179104477612,0.022823383084577112,0.0065298507462686565,0.03314676616915423,0.02860696517412935,0.0414179104477612
22.200000000000003,0.35275689223057644,0.5093358395989975,0.02537593984962406,0.008270676691729324,0.037844611528822056,0.02631578947368421,0.04010025062656642
22.3,0.3539473684210526,0.5001879699248121,0.031829573934837097,0.008270676691729324,0.03571428571428571,0.024749373433583962,0.04530075187969925
22.400000000000002,0.36243781094527366,0.47282338308457716,0.037064676616915426,0.01082089552238806,0.04402985074626866,0.022077114427860693,0.050746268656716415
22.5,0.3704601990049751,0.46921641791044777,0.03681592039800995,0.01243781094527363,0.04527363184079602,0.019651741293532338,0.046144278606965176
22.6,0.3804320987654321,0.4641975308641975,0.03672839506172839,0.013333333333333334,0.04234567901234568,0.013580246913580247,0.04938271604938271
22.700000000000003,0.3844444444444445,0.46222222222222226,0.03617283950617284,0.01574074074074074,0.0437037037037037,0.011111111111111112,0.04660493827160493
22.8,0.36514690982776093,0.47669706180344473,0.034954407294832825,0.01266464032421479,0.06616008105369807,0.01641337386018237,0.027963525835866258
22.9,0.3704660587639311,0.47796352583586627,0.038500506585612965,0.008358662613981762,0.06413373860182371,0.015602836879432622,0.024974670719351572
23.0,0.3988805970149254,0.48103233830845765,0.04073383084577114,0.007773631840796019,0.035199004975124376,0.005597014925373134,0.030783582089552237
23.1,0.37643034825870647,0.5062189054726369,0.03731343283582089,0.008395522388059701,0.026554726368159202,0.005223880597014925,0.03986318407960199
23.200000000000003,0.3654275092936803,0.5151177199504337,0.03314745972738538,0.007434944237918215,0.02509293680297398,0.006691449814126394,0.04708798017348203
23.3,0.3644981412639406,0.5127013630731102,0.03141263940520446,0.005266418835192068,0.02973977695167286,0.008178438661710037,0.04820322180916976
23.4,0.36511194029850746,0.5144900497512438,0.025186567164179104,0.0018656716417910447,0.031218905472636817,0.012935323383084578,0.04919154228855722
23.5,0.37234567901234567,0.5148148148148148,0.01882716049382716,0.003703703703703704,0.0282716049382716,0.013703703703703704,0.04833333333333334
23.6,0.37537037037037035,0.511358024691358,0.0191358024691358,0.006481481481481481,0.027407407407407408,0.00962962962962963,0.05061728395061728
23.700000000000003,0.3605721393034826,0.5078980099502488,0.030597014925373138,0.008830845771144279,0.035074626865671636,0.005223880597014925,0.05180348258706467
23.8,0.33646464646464647,0.4906060606060606,0.043333333333333335,0.011515151515151515,0.06792929292929294,0.013636363636363636,0.036515151515151514
23.9,0.3260825780463243,0.4974823766364552,0.04431017119838872,0.015105740181268883,0.06646525679758308,0.016314199395770394,0.03423967774420947
24.0,0.33543209876543206,0.5273456790123457,0.036419753086419746,0.017901234567901235,0.030246913580246917,0.012037037037037037,0.04061728395061728
24.1,0.34526445264452643,0.5185731857318573,0.03690036900369004,0.02004920049200492,0.023062730627306273,0.013837638376383764,0.042312423124231245
24.200000000000003,0.35419753086419753,0.512962962962963,0.03506172839506173,0.01925925925925926,0.023148148148148147,0.013333333333333334,0.04203703703703703
24.3,0.35920398009950255,0.5067164179104479,0.033582089552238806,0.01990049751243781,0.029601990049751243,0.011940298507462687,0.0390547263681592
24.400000000000002,0.35895522388059703,0.5013059701492537,0.030783582089552237,0.018656716417910446,0.03656716417910448,0.011194029850746268,0.042537313432835816
24.5,0.3547707558859976,0.5057620817843866,0.02695167286245353,0.0161090458488228,0.035997521685254025,0.011152416356877323,0.049256505576208184
24.6,0.34117283950617283,0.5101851851851852,0.027160493827160494,0.01740740740740741,0.0345679012345679,0.012962962962962963,0.05654320987654321
24.700000000000003,0.35185185185185186,0.5046913580246913,0.023456790123456788,0.01654320987654321,0.03160493827160494,0.019753086419753086,0.05209876543209876
24.8,0.3457070707070707,0.500050505050505,0.02878787878787879,0.01111111111111111,0.04818181818181819,0.024242424242424242,0.04191919191919192
24.900000000000002,0.3377777777777778,0.5051010101010102,0.031010101010101012,0.008282828282828282,0.050656565656565664,0.025505050505050503,0.04166666666666667
25.0,0.3346913580246914,0.5209259259259258,0.030185185185185186,0.014814814814814815,0.026728395061728392,0.022222222222222223,0.0504320987654321
25.1,0.32238622386223853,0.5242312423124231,0.03099630996309963,0.02103321033210332,0.01992619926199262,0.02214022140221402,0.05928659286592866
25.200000000000003,0.3318627450980392,0.5118259803921569,0.02941176470588235,0.02303921568627451,0.018443627450980393,0.020588235294117647,0.06482843137254901
25.3,0.32800245098039216,0.520343137254902,0.030882352941176472,0.014154411764705882,0.024387254901960784,0.01911764705882353,0.06311274509803921
25.400000000000002,0.3224264705882353,0.5253063725490196,0.032107843137254906,0.00974264705882353,0.03272058823529411,0.01838235294117647,0.059313725490196076
25.5,0.31715328467153286,0.5326034063260341,0.031386861313868614,0.007907542579075425,0.03978102189781022,0.017639902676399026,0.0535279805352798
25.6,0.30894160583941604,0.5413017031630171,0.03102189781021898,0.00827250608272506,0.038564476885644766,0.01824817518248175,0.053649635036496356
25.700000000000003,0.297323600973236,0.550669099756691,0.029197080291970802,0.011131386861313868,0.03345498783454988,0.018856447688564475,0.05936739659367396
25.8,0.2863681592039801,0.5476616915422885,0.027860696517412933,0.00835820895522388,0.05333333333333334,0.023880597014925373,0.052537313432835825
25.900000000000002,0.2798507462686567,0.560547263681592,0.022885572139303482,0.003980099502487562,0.0535323383084577,0.02373134328358209,0.055472636815920406
26.0,0.28965936739659365,0.5698296836982968,0.016423357664233577,0.0014598540145985403,0.03375912408759124,0.023175182481751825,0.06569343065693431
26.1,0.3034063260340633,0.5501216545012165,0.01824817518248175,0.0036496350364963502,0.03436739659367397,0.025547445255474453,0.06465936739659367
26.200000000000003,0.3045177045177045,0.5457264957264957,0.015873015873015872,0.010012210012210013,0.03498168498168498,0.02515262515262515,0.06373626373626373
26.3,0.3066060606060606,0.5381818181818182,0.014545454545454545,0.01418181818181818,0.03272727272727273,0.02375757575757576,0.07
26.400000000000002,0.3054347826086957,0.5411835748792271,0.01570048309178744,0.014734299516908212,0.03140096618357488,0.020289855072463767,0.07125603864734299
26.5,0.3052727272727273,0.5391515151515152,0.01818181818181818,0.013272727272727271,0.03636363636363636,0.021575757575757578,0.06618181818181817
26.6,0.3066546762589928,0.5391486810551559,0.019784172661870502,0.011270983213429255,0.03836930455635491,0.020743405275779378,0.06402877697841727
26.700000000000003,0.30377697841726614,0.5443645083932854,0.022781774580335732,0.00671462829736211,0.041666666666666664,0.018705035971223024,0.061990407673860916
26.8,0.30666666666666664,0.5454411764705882,0.020588235294117647,0.006127450980392156,0.05318627450980392,0.018823529411764708,0.04916666666666667
26.900000000000002,0.3091666666666667,0.5515196078431372,0.018627450980392157,0.006862745098039215,0.04828431372549019,0.018235294117647058,0.04730392156862745
27.0,0.3102286401925391,0.5625150421179302,0.018050541516245487,0.007821901323706377,0.029181708784596874,0.016245487364620937,0.05595667870036101
27.1,0.3042719614921781,0.5655836341756919,0.021299638989169676,0.007942238267148015,0.024789410348977133,0.018050541516245487,0.05806257521058965
27.200000000000003,0.3012033694344164,0.5654632972322503,0.025150421179302045,0.010469314079422382,0.02539109506618532,0.016245487364620937,0.056077015643802644
27.3,0.30607701564380263,0.5595066185318893,0.03008423586040914,0.016365824308062576,0.0259927797833935,0.01444043321299639,0.04753309265944645
27.400000000000002,0.31939393939393945,0.5448484848484849,0.030363636363636363,0.018000000000000002,0.026666666666666665,0.01860606060606061,0.042121212121212115
27.5,0.3288647342995169,0.5381642512077296,0.026570048309178744,0.016304347826086956,0.02705314009661836,0.021920289855072467,0.0411231884057971
27.6,0.34022781774580335,0.5191846522781774,0.025179856115107913,0.01408872901678657,0.033573141486810544,0.019784172661870502,0.04796163069544364
27.700000000000003,0.34226618705035966,0.5126498800959232,0.023741007194244605,0.014568345323741006,0.03501199040767386,0.018705035971223024,0.053057553956834536
27.8,0.33866080156402734,0.5185728250244379,0.024437927663734118,0.012707722385141739,0.04579667644183773,0.01818181818181818,0.04164222873900293
27.900000000000002,0.3410557184750733,0.5144183773216032,0.02590420332355816,0.013685239491691103,0.04633431085043988,0.0187683284457478,0.03983382209188661
28.0,0.3524404761904762,0.5005357142857143,0.024107142857142858,0.01845238095238095,0.035,0.020595238095238094,0.04886904761904761
28.1,0.3570238095238095,0.5081547619047619,0.025,0.020357142857142855,0.03107142857142857,0.018273809523809526,0.04011904761904762
28.200000000000003,0.3500595238095238,0.5158928571428572,0.025,0.02244047619047619,0.027142857142857142,0.012142857142857143,0.04732142857142857
28.3,0.34730215827338135,0.5160071942446043,0.02877697841726619,0.02002398081534772,0.02859712230215827,0.007194244604316547,0.052098321342925656
28.400000000000002,0.34464285714285714,0.5130952380952382,0.03125,0.014940476190476192,0.034166666666666665,0.007142857142857143,0.05476190476190476
28.5,0.32833333333333337,0.5188690476190476,0.03630952380952381,0.00625,0.03958333333333334,0.00875,0.0619047619047619
28.6,0.3292857142857143,0.5147619047619048,0.038392857142857145,0.004464285714285714,0.04136904761904762,0.011607142857142858,0.060119047619047614
28.700000000000003,0.33279761904761906,0.510952380952381,0.03541666666666667,0.006845238095238094,0.043333333333333335,0.016369047619047616,0.054285714285714284
28.8,0.31989402697495184,0.5308766859344894,0.031791907514450865,0.00939306358381503,0.05394990366088631,0.017341040462427744,0.036753371868978806
28.900000000000002,0.3215317919075144,0.5397398843930635,0.03227360308285163,0.01300578034682081,0.04552023121387283,0.014113680154142582,0.0338150289017341
29.0,0.330575117370892,0.5478286384976526,0.03403755868544601,0.01619718309859155,0.022300469483568074,0.006338028169014085,0.04272300469483568
29.1,0.32629107981220656,0.5553990610328638,0.03286384976525821,0.012910798122065727,0.01713615023474178,0.008450704225352112,0.046948356807511735
29.200000000000003,0.31965962441314555,0.5609741784037559,0.036384976525821594,0.008802816901408451,0.014788732394366198,0.015375586854460093,0.04401408450704225
29.3,0.32652582159624416,0.5595070422535211,0.03433098591549296,0.007042253521126761,0.01637323943661972,0.016725352112676055,0.03949530516431925
29.400000000000002,0.3434027777777778,0.5416087962962963,0.03211805555555555,0.006944444444444444,0.02685185185185185,0.016840277777777777,0.032233796296296295
29.5,0.343598615916955,0.527912341407151,0.03517877739331026,0.008362168396770472,0.03200692041522491,0.02093425605536332,0.03200692041522491
29.6,0.3448096885813149,0.5222029988465975,0.034313725490196074,0.00922722029988466,0.032352941176470584,0.020184544405997696,0.03690888119953864
29.700000000000003,0.35490196078431374,0.5203575547866206,0.03229527104959631,0.007208765859284891,0.02912341407151096,0.02047289504036909,0.0356401384083045
29.8,0.3515536723163841,0.5340395480225988,0.026412429378531072,0.0065913370998116755,0.0385593220338983,0.018832391713747645,0.02401129943502825
29.900000000000002,0.35094161958568737,0.5357815442561206,0.023305084745762712,0.00847457627118644,0.04096045197740113,0.017890772128060263,0.022645951035781542
30.0,0.3615916955017301,0.526239907727797,0.021914648212226065,0.006920415224913495,0.03194925028835064,0.01643598615916955,0.03494809688581315
30.1,0.3673032407407407,0.5203703703703704,0.02054398148148148,0.004629629629629629,0.03304398148148148,0.015625,0.0384837962962963
30.200000000000003,0.361764705882353,0.523356401384083,0.020761245674740483,0.010611303344867358,0.031141868512110725,0.012687427912341407,0.03967704728950404
30.3,0.350632183908046,0.5331034482758621,0.01724137931034483,0.011206896551724138,0.03183908045977012,0.015804597701149423,0.04017241379310345
30.400000000000002,0.34120689655172415,0.5437931034482759,0.011494252873563218,0.009195402298850575,0.032126436781609195,0.02224137931034483,0.03994252873563218
30.5,0.3391752577319588,0.5504581901489118,0.010309278350515464,0.0048109965635738825,0.02806414662084765,0.02565864833906071,0.041523482245131735
30.6,0.3548109965635739,0.534192439862543,0.01489117983963345,0.003436426116838488,0.02737686139747995,0.02806414662084765,0.03722794959908361
30.700000000000003,0.36478310502283107,0.5099315068493151,0.0228310502283105,0.0045662100456621,0.03401826484018265,0.029965753424657533,0.033904109589041095
30.8,0.3598039215686274,0.5103641456582633,0.018207282913165267,0.005788982259570494,0.04635854341736694,0.03319327731092438,0.026283846872082166
30.900000000000002,0.36464788732394365,0.5110798122065727,0.016056338028169016,0.007183098591549295,0.04201877934272301,0.032957746478873236,0.026056338028169014
31.0,0.35626436781609194,0.5198275862068965,0.021436781609195404,0.00896551724137931,0.03109195402298851,0.02620689655172414,0.03620689655172414
31.1,0.34500000000000003,0.5275862068965518,0.025057471264367817,0.009655172413793102,0.03022988505747127,0.023218390804597703,0.03925287356321839
31.200000000000003,0.3382929642445213,0.5351787773933102,0.026643598615916957,0.01384083044982699,0.025317185697808536,0.02162629757785467,0.03910034602076125
31.3,0.33454440599769325,0.528719723183391,0.028258362168396767,0.019319492502883506,0.025720876585928486,0.021337946943483274,0.042099192618223764
31.400000000000002,0.33852364475201846,0.5161476355247983,0.03171856978085352,0.02093425605536332,0.030219146482122265,0.016724336793540944,0.04573241061130334
31.5,0.3497693194925029,0.5087658592848904,0.03771626297577855,0.019492502883506343,0.02889273356401384,0.01384083044982699,0.04152249134948097
31.6,0.3549361207897794,0.5018583042973288,0.038908246225319396,0.018583042973286876,0.031242740998838555,0.015331010452961674,0.03914053426248548
31.700000000000003,0.35813008130081303,0.502439024390244,0.03600464576074332,0.018583042973286876,0.02932636469221835,0.016724738675958188,0.03879210220673635
31.8,0.35902184235517565,0.5081196581196581,0.02849002849002849,0.0144349477682811,0.03888888888888889,0.019943019943019943,0.031101614434947772
31.900000000000002,0.3664292497625831,0.5018518518518519,0.026828110161443493,0.01163342830009497,0.03755935422602089,0.019230769230769232,0.036467236467236465
32.0,0.36871345029239766,0.5071929824561404,0.02994152046783626,0.015146198830409355,0.01695906432748538,0.014912280701754385,0.047134502923976605
32.1,0.3670760233918129,0.5173099415204678,0.027719298245614036,0.01812865497076023,0.014912280701754385,0.01263157894736842,0.04222222222222223
32.2,0.37064327485380116,0.5274853801169591,0.02456140350877193,0.015204678362573098,0.015204678362573101,0.011228070175438597,0.035672514619883036
32.3,0.3829239766081871,0.5136842105263159,0.02631578947368421,0.01263157894736842,0.01929824561403509,0.010526315789473684,0.034619883040935676
32.400000000000006,0.3890845070422535,0.5021713615023474,0.02464788732394366,0.013028169014084505,0.01965962441314554,0.01056338028169014,0.04084507042253521
32.5,0.3904929577464789,0.4994718309859156,0.02464788732394366,0.015258215962441313,0.019953051643192485,0.01056338028169014,0.03961267605633803
32.6,0.39905437352245865,0.493853427895981,0.020094562647754135,0.01867612293144208,0.020094562647754135,0.010638297872340425,0.0375886524822695
32.7,0.4078255675029869,0.4925925925925926,0.018100358422939066,0.015471923536439664,0.015830346475507764,0.010752688172043012,0.03942652329749104
32.8,0.38652173913043475,0.5169565217391304,0.016280193236714976,0.009420289855072464,0.029951690821256042,0.010144927536231883,0.03072463768115942
32.900000000000006,0.37160852713178294,0.5274224806201551,0.01647286821705426,0.009883720930232558,0.035465116279069765,0.01065891472868217,0.028488372093023257
33.0,0.365352449223417,0.5252688172043011,0.018518518518518517,0.013142174432497013,0.028375149342891277,0.014934289127837513,0.034408602150537634
33.1,0.3602150537634409,0.5275985663082436,0.01881720430107527,0.014277180406212665,0.023954599761051375,0.016726403823178016,0.038410991636798085
33.2,0.3475507765830346,0.5345878136200717,0.017921146953405017,0.021565113500597373,0.023596176821983277,0.014336917562724014,0.04044205495818399
33.3,0.3485663082437276,0.532078853046595,0.016129032258064516,0.02867383512544803,0.020250896057347673,0.014336917562724014,0.039964157706093184
33.400000000000006,0.3600719424460431,0.5230215827338128,0.014388489208633094,0.03207434052757793,0.017985611510791366,0.01648681055155875,0.03597122302158273
33.5,0.3638489208633094,0.5290167865707434,0.014388489208633094,0.02523980815347722,0.022182254196642683,0.016486810551558755,0.028836930455635488
33.6,0.3628297362110312,0.5421462829736211,0.01288968824940048,0.014388489208633094,0.025179856115107913,0.015287769784172662,0.027278177458033574
33.7,0.3596176821983274,0.5456391875746714,0.01194743130227001,0.008124253285543608,0.026164874551971324,0.017025089605734768,0.03148148148148148
33.8,0.34454106280193236,0.558695652173913,0.011594202898550725,0.002657004830917874,0.03748792270531401,0.018357487922705314,0.026666666666666665
33.900000000000006,0.3443313953488372,0.5500968992248062,0.013565891472868215,0.00566860465116279,0.04205426356589147,0.01986434108527132,0.02441860465116279
34.0,0.35042270531400965,0.5329106280193237,0.014492753623188406,0.01388888888888889,0.04015700483091787,0.01932367149758454,0.028804347826086953
34.1,0.33188405797101445,0.5507246376811594,0.01570048309178744,0.015700483091787443,0.043478260869565216,0.013768115942028985,0.028743961352657006
34.2,0.3190734055354994,0.5756317689530686,0.015944645006016844,0.007521058965102285,0.0421179302045728,0.011732851985559567,0.027978339350180504
34.3,0.32190132370637786,0.5779181708784596,0.017448856799037304,0.0009025270758122744,0.04121540312876053,0.010830324909747292,0.029783393501805054
34.400000000000006,0.3252105896510229,0.5709987966305655,0.01925391095066185,0.0,0.04187725631768952,0.010228640192539109,0.03243080625752106
34.5,0.32186379928315406,0.5681600955794504,0.02389486260454002,0.0017921146953405018,0.043369175627240145,0.010752688172043012,0.030167264038231778
34.6,0.3120669056152927,0.5765232974910395,0.025686977299880523,0.0035842293906810036,0.04032258064516129,0.010752688172043012,0.03106332138590203
34.7,0.3009557945041816,0.5876941457586619,0.026284348864994023,0.005973715651135005,0.03464755077658304,0.010752688172043012,0.03369175627240143
34.8,0.29236714975845407,0.5968115942028985,0.021256038647342993,0.005797101449275362,0.04106280193236715,0.015458937198067632,0.027246376811594204
34.900000000000006,0.2942028985507246,0.5945410628019324,0.021980676328502414,0.005314009661835748,0.037198067632850246,0.016908212560386472,0.029855072463768118
35.0,0.3038231780167264,0.5867383512544803,0.027479091995221024,0.007168458781362007,0.02090800477897252,0.01684587813620072,0.037037037037037035
35.1,0.30702380952380953,0.5777380952380952,0.029761904761904757,0.005476190476190476,0.02369047619047619,0.02238095238095238,0.033928571428571426
35.2,0.29958333333333337,0.5783333333333334,0.022916666666666665,0.005833333333333334,0.027619047619047623,0.03125,0.03446428571428572
35.3,0.28988095238095235,0.5895833333333332,0.016369047619047616,0.008214285714285714,0.02708333333333333,0.03083333333333333,0.038035714285714284
35.400000000000006,0.29083333333333333,0.6091071428571428,0.010416666666666666,0.00625,0.0306547619047619,0.019345238095238092,0.03339285714285714
35.5,0.29291666666666666,0.6205952380952381,0.007142857142857143,0.00994047619047619,0.029761904761904757,0.01130952380952381,0.028333333333333335
35.6,0.3031175059952039,0.6016786570743404,0.007194244604316547,0.016546762589928057,0.03261390887290168,0.007194244604316547,0.031654676258992806
35.7,0.31107142857142855,0.5819047619047619,0.0125,0.016666666666666663,0.03696428571428571,0.008035714285714285,0.032857142857142856
35.8,0.2967149758454106,0.5839130434782608,0.01932367149758454,0.008502415458937198,0.0463768115942029,0.015942028985507246,0.02922705314009662
35.900000000000006,0.2836240310077519,0.5900193798449611,0.022286821705426355,0.0067829457364341076,0.04496124031007752,0.01937984496124031,0.03294573643410852
36.0,0.2714285714285714,0.6014285714285715,0.02261904761904762,0.008333333333333333,0.034761904761904765,0.017857142857142856,0.043571428571428567
36.1,0.2745833333333333,0.6055952380952381,0.02357142857142857,0.007142857142857143,0.035416666666666666,0.01607142857142857,0.03761904761904763
36.2,0.2844124700239808,0.5953237410071943,0.02398081534772182,0.004796163069544364,0.041966426858513185,0.014388489208633093,0.035131894484412465
36.3,0.2811070998796631,0.5932611311672683,0.023285198555956677,0.0018050541516245488,0.04362214199759326,0.011432009626955474,0.04548736462093863
36.400000000000006,0.28459687123947053,0.5897713598074609,0.01895306859205776,0.0,0.04632972322503008,0.011432009626955475,0.048916967509025265
36.5,0.28907004830917876,0.5847222222222221,0.012681159420289856,0.0012077294685990338,0.048973429951690815,0.014492753623188406,0.04885265700483092
36.6,0.28676293622142,0.5825511432009627,0.011432009626955475,0.0036101083032490976,0.049518652226233445,0.013959085439229843,0.05216606498194946
36.7,0.2814217443249702,0.5863201911589008,0.012544802867383513,0.002688172043010753,0.04581839904420549,0.014695340501792114,0.05651135005973716
36.8,0.2782273603082852,0.5825626204238921,0.016618497109826588,0.004335260115606936,0.05385356454720616,0.020953757225433526,0.04344894026974951
36.900000000000006,0.27567437379576104,0.5897398843930636,0.018063583815028903,0.0050578034682080926,0.05019267822736031,0.022398843930635837,0.0388728323699422
37.0,0.2792712066905615,0.5927718040621266,0.020011947431302274,0.0035842293906810036,0.03434886499402628,0.02299880525686977,0.0470131421744325
37.1,0.2945041816009558,0.5711469534050179,0.022700119474313017,0.005734767025089606,0.033094384707287934,0.022700119474313024,0.0501194743130227
37.2,0.30587529976019184,0.551978417266187,0.023681055155875298,0.010131894484412471,0.03699040767386091,0.01768585131894484,0.053657074340527584
37.3,0.3118531889290012,0.5437424789410349,0.02527075812274368,0.0098676293622142,0.03706377858002406,0.01474127557160048,0.057460890493381475
37.400000000000006,0.31137184115523464,0.546690734055355,0.02527075812274368,0.008182912154031288,0.03537906137184116,0.01444043321299639,0.058664259927797835
37.5,0.30036231884057973,0.5558574879227053,0.026570048309178744,0.00966183574879227,0.03291062801932367,0.016908212560386476,0.057729468599033815
37.6,0.28814681107099877,0.5712996389891697,0.028279181708784597,0.0105294825511432,0.03580024067388688,0.01504211793020457,0.050902527075812276
37.7,0.2866906474820144,0.5805755395683453,0.026079136690647483,0.007434052757793764,0.033752997601918466,0.012170263788968827,0.05329736211031175
37.8,0.2998078770413064,0.5625840537944284,0.021421709894332373,0.007348703170028818,0.05057636887608069,0.014601344860710854,0.04365994236311239
37.900000000000006,0.3090038314176245,0.5577586206896552,0.01867816091954023,0.007471264367816092,0.05196360153256706,0.01221264367816092,0.04291187739463602
38.0,0.3054958183990442,0.5729988052568697,0.015531660692951015,0.009080047789725208,0.03452807646356034,0.008363201911589008,0.05400238948626045
38.1,0.3079736211031175,0.5675059952038368,0.015587529976019183,0.012589928057553957,0.03387290167865707,0.01079136690647482,0.05167865707434053
38.2,0.31582733812949637,0.563968824940048,0.019184652278177457,0.01288968824940048,0.027577937649880098,0.014988009592326136,0.045563549160671464
38.3,0.3296762589928058,0.5603717026378897,0.018345323741007193,0.011091127098321342,0.022961630695443644,0.017925659472422063,0.03962829736211031
38.400000000000006,0.33429256594724216,0.5470023980815347,0.022781774580335732,0.009112709832134292,0.03309352517985612,0.019184652278177457,0.03453237410071943
38.5,0.3312350119904077,0.5431654676258992,0.02577937649880096,0.006954436450839329,0.039568345323741004,0.017985611510791366,0.03531175059952038
38.6,0.3225030084235861,0.5546931407942238,0.023766546329723224,0.007942238267148015,0.041817087845968715,0.013477737665463297,0.03580024067388688
38.7,0.3329736211031175,0.5434652278177458,0.022781774580335732,0.011750599520383693,0.03531175059952038,0.013189448441247002,0.04052757793764988
38.8,0.3329010566762728,0.526657060518732,0.025936599423631124,0.017050912584053793,0.04514889529298751,0.01993275696445725,0.032372718539865515
38.900000000000006,0.32701149425287357,0.5309865900383143,0.02586206896551724,0.01700191570881226,0.04597701149425287,0.018199233716475093,0.034961685823754786
39.0,0.3136417556346382,0.5539739027283511,0.023724792408066426,0.018505338078291814,0.028232502965599048,0.015421115065243178,0.0465005931198102
39.1,0.30349940688018984,0.5544483985765125,0.02491103202846975,0.022775800711743774,0.02882562277580071,0.016725978647686834,0.04881376037959668
39.2,0.3111111111111111,0.5498817966903073,0.022163120567375887,0.02375886524822695,0.03280141843971631,0.01453900709219858,0.04574468085106383
39.3,0.32754137115839244,0.533451536643026,0.02127659574468085,0.020685579196217493,0.03693853427895981,0.01607565011820331,0.044030732860520096
39.400000000000006,0.33800236406619383,0.5229905437352247,0.02245862884160756,0.015366430260047281,0.038120567375886524,0.01548463356973995,0.047576832151300236
39.5,0.34116251482799526,0.5247924080664294,0.02224199288256228,0.011565836298932384,0.0361803084223013,0.011862396204033215,0.05219454329774614
39.6,0.34472123368920526,0.5179122182680902,0.021352313167259787,0.01963226571767497,0.03291814946619217,0.011862396204033215,0.051601423487544484
39.7,0.3450530035335689,0.5120141342756184,0.02591283863368669,0.019729093050647822,0.03345111896348645,0.015606595995288573,0.048233215547703184
39.8,0.345014245014245,0.5038461538461538,0.02849002849002849,0.01661918328584995,0.045584045584045586,0.02407407407407407,0.03637226970560303
39.900000000000006,0.3345238095238095,0.5050476190476191,0.02666666666666667,0.016761904761904763,0.04933333333333334,0.02480952380952381,0.04285714285714286
40.0,0.33345111896348645,0.5044169611307422,0.025441696113074203,0.012249705535924617,0.047703180212014126,0.016195524146054182,0.060541813898704354
40.1,0.3358657243816254,0.49664310954063606,0.023498233215547705,0.0143698468786808,0.0497055359246172,0.015017667844522967,0.06489988221436985
40.2,0.34501857480580883,0.4960148598446471,0.01843971631205674,0.016143194866599122,0.044106720702465387,0.017021276595744685,0.06325565687267815
40.3,0.35326215895610913,0.4987544483985765,0.017793594306049824,0.01684460260972716,0.0391459074733096,0.01933570581257414,0.054863582443653615
40.400000000000006,0.3594306049822064,0.4930011862396204,0.017793594306049824,0.014234875444839857,0.04056939501779359,0.02158956109134045,0.05338078291814947
40.5,0.3675531914893617,0.4897163120567375,0.01773049645390071,0.011170212765957447,0.03936170212765957,0.022872340425531917,0.05159574468085107
40.6,0.383806146572104,0.4906028368794327,0.018912529550827423,0.008274231678486997,0.03085106382978723,0.02098108747044917,0.04657210401891253
40.7,0.38699763593380615,0.5066193853427896,0.016548463356973995,0.007801418439716313,0.022222222222222223,0.01773049645390071,0.042080378250591015
40.8,0.37345679012345684,0.5094966761633428,0.01970560303893637,0.010446343779677113,0.03319088319088319,0.018518518518518517,0.03518518518518519
40.900000000000006,0.37535612535612545,0.5048433048433049,0.020370370370370372,0.0100664767331434,0.03684710351377018,0.017094017094017096,0.03542260208926876
41.0,0.3927485380116959,0.49479532163742695,0.018421052631578946,0.00982456140350877,0.023508771929824562,0.015789473684210527,0.04491228070175439
41.1,0.40139860139860145,0.4847319347319347,0.019230769230769232,0.012587412587412588,0.021328671328671327,0.015734265734265736,0.04498834498834499
41.2,0.39836829836829835,0.48502331002330995,0.02097902097902098,0.014627039627039628,0.026107226107226104,0.01515151515151515,0.03974358974358974
41.3,0.37868757259001157,0.5029616724738677,0.020905923344947737,0.01370499419279907,0.02770034843205575,0.017421602787456445,0.03861788617886179
